Blink B,1,1,157689941,158089294,399353
Fixation B,1,1,158122558,158422058,299500,623.43,458.47,12,7,-1,126.22,101.11
Saccade B,1,1,158422058,158555297,133239,625.43,461.71,336.91,565.94,12.39,12.81,0.50,92.96,10396.35,99.11,3630.66
Fixation B,1,2,158555297,158788177,232880,410.12,547.61,139,27,-1,117.14,108.29
Saccade B,1,2,158788177,158854827,66650,476.02,539.24,411.28,502.44,3.47,103.09,0.50,52.02,3112.34,692.65,1902.49
Fixation B,1,3,158854827,159021179,166352,411.09,494.66,3,6,-1,117.40,103.80
Blink B,1,2,159021179,159387176,365997
Fixation B,1,4,159387176,159520294,133118,404.04,518.36,12,4,-1,112.25,104.25
Saccade B,1,3,159553527,159620025,66498,401.12,522.50,675.28,504.17,12.78,380.04,0.50,192.14,11388.16,153.61,5770.88
Fixation B,1,5,159620025,159786437,166412,755.46,503.65,13,11,-1,121.20,107.80
Saccade B,1,4,159819793,159919586,99793,732.11,503.46,1150.03,892.00,26.73,404.96,0.50,267.90,11709.85,259.21,4254.64
Saccade B,1,5,160219055,160285583,66528,-4253.86,14950.97,6628.18,-12085.33,2034.20,40384.86,0.50,30576.66,1838376.05,659466.04,1248921.05
Fixation B,1,6,160585052,160684906,99854,869.66,642.53,94,204,-1,0.00,0.00
Fixation B,1,7,161017669,161117584,99915,925.03,533.15,13,15,-1,11.33,14.33
Fixation B,1,8,161350433,161416809,66376,310.49,256.68,24,45,-1,84.50,64.50
Saccade B,1,6,161416809,161549926,133117,340.97,330.61,319.32,385.77,14.18,128.31,0.50,106.49,7294.91,2334.91,4286.24
Fixation B,1,9,161549926,161649780,99854,354.94,395.64,68,19,-1,128.33,105.00
Blink B,1,3,161649780,162049011,399231
Fixation B,1,10,162049011,162182189,133178,1132.02,849.19,144,67,-1,114.50,125.00
Saccade B,1,7,162215423,162282012,66589,996.23,792.41,644.95,638.74,21.12,529.84,0.50,317.10,12773.57,2843.00,7808.28
Fixation B,1,11,162282012,162381774,99762,350.24,548.65,58,18,-1,114.33,107.33
Saccade B,1,8,162381774,162481628,99854,401.66,536.72,200.15,476.48,14.12,326.97,0.50,141.40,10908.45,75.37,3879.24
Saccade B,1,9,162514892,162581542,66650,244.35,456.44,323.50,452.01,5.48,109.94,0.50,82.23,1702.94,1378.62,1540.78
Fixation B,1,12,162581542,162648010,66468,414.82,457.44,46,10,-1,120.00,105.00
Saccade B,1,10,162648010,162714508,66498,447.87,467.40,347.55,462.15,5.13,139.07,0.50,77.10,4596.54,1554.08,3075.31
Fixation B,1,13,162714508,162847625,133117,417.56,472.44,77,13,-1,122.00,104.50
Saccade B,1,11,162847625,162980804,133179,471.16,518.76,879.74,1204.37,40.18,586.65,0.50,301.71,13812.29,1538.62,7800.05
Fixation B,1,14,162980804,163113891,133087,883.63,1092.65,69,57,-1,68.00,64.25
Saccade B,1,12,163113891,163180389,66498,859.84,1036.34,1003.29,993.76,9.74,207.54,0.50,146.53,5489.19,4238.30,4863.74
Fixation B,1,15,163180389,163280273,99884,871.31,1068.59,93,75,-1,139.33,101.67
Saccade B,1,13,163280273,163346771,66498,834.06,1031.62,939.40,1079.44,5.71,160.45,0.50,85.83,4958.90,832.96,2895.93
Saccade B,1,14,163380065,163446624,66559,941.50,1084.92,-24.49,778.51,49.94,1401.68,0.50,750.28,44993.25,5765.22,25379.23
Fixation B,1,16,163712860,163779541,66681,655.16,439.47,4,4,-1,0.00,0.00
Fixation B,1,17,164045715,164178710,132995,686.57,535.01,36,13,-1,131.75,113.00
Saccade B,1,15,164178710,164245361,66651,658.09,502.13,558.92,435.04,7.80,165.44,0.50,116.99,2915.83,2171.00,2543.41
Fixation B,1,18,164245361,164711303,465942,569.23,441.63,20,27,-1,139.57,108.71
Saccade B,1,16,164711303,164810943,99640,604.38,480.87,680.57,584.87,7.76,180.93,0.50,77.84,5468.17,1327.92,3587.56
Fixation B,1,19,164810943,164944091,133148,679.60,579.06,6,0,-1,137.50,119.50
Saccade B,1,17,164944091,165043945,99854,661.23,508.95,603.16,431.08,7.82,124.50,0.50,78.32,3439.33,1516.11,2672.35
Fixation B,1,20,165043945,165310119,266174,610.76,425.72,3,7,-1,132.50,103.50
Saccade B,1,18,165310119,165443176,133057,604.83,420.90,715.88,383.00,5.70,98.09,0.50,42.85,2903.34,192.76,1569.10
Fixation B,1,21,165443176,165642791,199615,723.43,378.57,5,1,-1,130.00,98.17
Saccade B,1,19,165642791,165709594,66803,786.69,469.11,884.63,739.37,18.31,395.78,0.50,274.13,7502.84,4524.72,6013.78
Fixation B,1,22,165709594,165909027,199433,949.27,905.65,12,41,-1,130.50,118.83
Saccade B,1,20,165909027,165975585,66558,943.86,889.66,933.04,888.83,0.60,14.98,0.50,9.00,513.25,164.70,338.97
Fixation B,1,23,165975585,166108642,133057,923.25,871.60,27,29,-1,130.75,109.25
Blink B,1,4,166108642,166374877,266235
Fixation B,1,24,166374877,166774139,399262,620.69,527.05,12,56,-1,133.38,114.31
Saccade B,1,21,166774139,166840789,66650,622.35,517.66,706.93,517.97,4.00,117.09,0.50,60.04,3459.21,282.28,1870.74
Fixation B,1,25,166840789,167007141,166352,717.47,524.94,6,7,-1,132.80,119.80
Saccade B,1,22,167007141,167073608,66467,711.70,521.60,529.44,447.54,9.63,272.86,0.50,144.85,7726.52,726.39,4226.45
Fixation B,1,26,167073608,167240020,166412,487.89,389.45,23,15,-1,126.80,99.20
Saccade B,1,23,167240020,167306640,66620,495.47,378.71,417.75,348.99,4.16,115.30,0.50,62.41,3198.48,618.17,1908.33
Saccade B,1,24,167339904,167439636,99732,415.37,340.63,416.47,338.47,1.07,12.62,0.50,10.72,661.45,78.99,426.12
Fixation B,1,27,167439636,167639465,199829,426.45,333.31,11,3,-1,108.67,81.00
Saccade B,1,25,167639465,167705871,66406,467.75,322.58,576.45,300.77,6.73,154.05,0.50,101.34,3179.29,1311.96,2245.63
Fixation B,1,28,167705871,167805816,99945,579.77,296.93,3,3,-1,108.00,74.00
Saccade B,1,26,167805816,167872314,66498,583.46,291.24,599.24,285.18,1.09,23.39,0.50,16.39,430.83,369.71,400.27
Fixation B,1,29,167872314,167938842,66528,603.53,282.15,3,2,-1,105.50,70.50
Saccade B,1,27,167938842,168038757,99915,603.27,280.32,609.73,280.06,0.50,10.13,0.50,5.03,394.99,249.50,330.58
Fixation B,1,30,168038757,168471252,432495,620.69,283.68,9,9,-1,107.23,72.62
Saccade B,1,28,168471252,168537750,66498,615.12,288.54,606.03,290.64,0.57,12.93,0.50,8.58,269.01,49.13,159.07
Fixation B,1,31,168537750,168970397,432647,618.29,296.18,20,23,-1,116.08,79.62
Saccade B,1,29,168970397,169070129,99732,640.28,308.97,470.07,336.26,8.89,143.01,0.50,89.18,3739.91,1336.51,2174.80
Fixation B,1,32,169070129,169170013,99884,463.71,334.61,3,0,-1,115.00,85.33
Saccade B,1,30,169170013,169269897,99884,465.81,331.79,445.45,329.03,1.09,25.23,0.50,10.89,779.56,176.47,538.80
Fixation B,1,33,169269897,169402893,132996,453.88,326.24,2,2,-1,114.50,83.75
Saccade B,1,31,169402893,169502777,99884,472.49,308.20,497.71,260.89,3.59,63.69,0.50,35.98,1604.10,936.42,1181.28
Fixation B,1,34,169502777,169635894,133117,506.92,262.12,4,4,-1,109.50,74.50
Saccade B,1,32,169635894,169702423,66529,515.53,262.90,518.96,250.95,0.82,17.23,0.50,12.30,566.28,66.36,316.32
Fixation B,1,35,169702423,169769134,66711,517.15,239.91,0,3,-1,105.50,69.00
Saccade B,1,33,169769134,169835540,66406,514.72,239.26,513.20,232.83,0.42,9.19,0.50,6.30,315.95,202.22,259.08
Saccade B,1,34,169868835,169968750,99915,539.77,245.43,1077.33,663.65,32.64,486.72,0.50,326.70,13467.70,987.92,5208.10
Fixation B,1,36,169968750,170101745,132995,1165.78,760.21,82,32,-1,98.25,106.00
Saccade B,1,35,170101745,170201507,99762,1007.33,681.88,873.11,617.72,13.20,195.35,0.50,132.33,5561.62,590.90,3649.46
Fixation B,1,37,170201507,170301513,100006,863.81,596.55,3,7,-1,105.33,99.00
Saccade B,1,36,170301513,170368011,66498,865.38,607.48,917.41,780.64,9.04,251.70,0.50,136.00,6990.76,746.08,3868.42
Blink B,1,5,170368011,171166503,798492
Saccade B,1,37,171199737,171299621,99884,750.21,796.73,597.07,683.31,17.45,275.85,0.50,174.65,8668.11,1325.49,4310.77
Fixation B,1,38,171299621,171399536,99915,670.33,673.98,67,4,-1,121.67,110.67
Saccade B,1,38,171399536,171466033,66497,681.62,665.62,506.24,599.72,9.75,259.85,0.50,146.56,6821.79,2465.15,4643.47
Fixation B,1,39,171466033,171565887,99854,517.83,590.85,28,5,-1,124.33,113.67
Saccade B,1,39,171565887,171632385,66498,548.53,591.94,471.24,492.73,6.53,174.43,0.50,98.13,5758.49,144.73,2951.61
Fixation B,1,40,171665649,171931884,266235,539.06,469.05,91,20,-1,129.50,108.88
Saccade B,1,40,172764038,172830505,66467,496.26,1100.59,3463.40,-10252.75,566.68,16275.82,0.50,8525.71,466737.39,88519.20,277628.30
Fixation B,1,41,172996795,173163299,166504,569.34,236.14,101,122,-1,130.40,86.00
Saccade B,1,41,173163299,173263153,99854,553.14,335.92,485.91,355.75,6.53,102.46,0.50,65.41,3756.09,1749.42,2782.18
Fixation B,1,42,173263153,173396179,133026,512.93,400.36,22,40,-1,133.50,106.50
Saccade B,1,42,173396179,173462677,66498,530.10,425.42,468.26,436.07,3.34,86.88,0.50,50.18,2889.36,415.16,1652.26
Fixation B,1,43,173462677,173529296,66619,476.07,434.17,5,2,-1,120.50,104.50
Saccade B,1,43,173529296,173629058,99762,479.60,428.29,481.64,421.03,0.62,9.56,0.50,6.17,274.18,105.03,193.63
Fixation B,1,44,173629058,173895416,266358,496.95,416.88,20,7,-1,112.50,91.63
Saccade B,1,44,173895416,173995605,100189,503.85,423.27,507.32,420.17,0.92,13.72,0.50,9.20,630.45,391.16,543.33
Fixation B,1,45,174028472,174926788,898316,589.31,431.77,26,16,-1,117.43,93.43
Saccade B,1,45,174926788,174993408,66620,600.91,425.60,606.23,418.14,0.55,12.65,0.50,8.31,261.36,63.75,162.55
Fixation B,1,46,174993408,175059936,66528,609.03,410.37,1,5,-1,127.00,99.00
Saccade B,1,46,175059936,175126525,66589,611.17,401.25,614.57,392.83,0.71,12.59,0.50,10.67,124.04,10.56,67.30
Fixation B,1,47,175126525,175193023,66498,614.12,389.47,4,3,-1,126.50,97.00
Saccade B,1,47,175193023,175326171,133148,616.91,385.89,602.84,390.19,1.06,14.62,0.50,7.97,616.48,203.19,458.88
Fixation B,1,48,175326171,175725433,399262,598.48,398.82,9,17,-1,128.50,101.08
Saccade B,1,48,175725433,175792083,66650,592.90,403.86,584.51,402.79,0.54,11.70,0.50,8.04,342.68,165.27,253.98
Fixation B,1,49,175792083,175858581,66498,584.02,396.97,3,4,-1,129.50,101.00
Saccade B,1,49,175858581,175925048,66467,551.47,409.80,491.54,466.68,5.39,114.60,0.50,81.06,2130.89,1396.19,1763.54
Fixation B,1,50,175925048,176058197,133149,500.23,451.42,4,20,-1,131.00,108.00
Saccade B,1,50,176058197,176124786,66589,491.02,467.91,497.39,525.43,4.05,79.68,0.50,60.82,1627.02,1401.97,1514.49
Saccade B,1,51,176158050,176224548,66498,501.87,520.13,432.17,586.88,4.58,133.48,0.50,68.94,4118.43,126.25,2122.34
Fixation B,1,51,176224548,176390930,166382,405.37,627.69,44,14,-1,132.40,127.80
Blink B,1,6,176424163,176923553,499390
Fixation B,1,52,176923553,176989929,66376,447.38,488.02,87,16,-1,126.50,117.50
Saccade B,1,52,176989929,177056427,66498,563.38,468.92,669.27,440.94,8.43,151.77,0.50,126.71,1560.40,661.56,1110.98
Fixation B,1,53,177056427,177289520,233093,753.82,427.52,35,19,-1,133.29,112.57
Saccade B,1,53,177289520,177355957,66437,739.62,418.01,728.21,415.52,0.95,16.25,0.50,14.29,169.77,131.31,150.54
Fixation B,1,54,177355957,177588928,232971,715.89,411.51,13,4,-1,129.00,106.71
Blink B,1,7,177622161,178254425,632264
Fixation B,1,55,178287719,178753723,466004,668.41,478.93,86,40,-1,136.64,114.64
Blink B,1,8,178753723,179618682,864959
Fixation B,1,56,179651947,179751800,99853,950.64,338.97,66,34,-1,124.33,95.67
Saccade B,1,54,179751800,179818298,66498,885.70,331.93,781.39,317.79,6.99,145.34,0.50,105.07,2550.76,882.27,1716.51
Fixation B,1,57,179818298,179951538,133240,678.77,313.90,64,5,-1,131.25,93.75
Saccade B,1,55,179951538,180018066,66528,631.11,311.50,627.49,286.92,1.96,34.56,0.50,29.52,1128.08,152.28,640.18
Saccade B,1,56,180051513,180117797,66284,595.91,284.39,538.81,283.35,3.93,79.57,0.50,59.27,1229.22,1025.20,1127.21
Fixation B,1,58,180117797,180217681,99884,537.30,287.13,4,3,-1,131.00,91.00
Saccade B,1,57,180217681,180284179,66498,540.73,287.65,552.66,284.02,0.65,17.29,0.50,9.76,455.30,72.12,263.71
Fixation B,1,59,180284179,180350799,66620,558.43,283.26,7,2,-1,129.00,88.00
Saccade B,1,58,180350799,180417358,66559,571.84,278.43,581.72,274.20,0.97,14.91,0.50,14.58,102.04,36.46,69.25
Fixation B,1,60,180417358,180517181,99823,589.70,271.90,7,2,-1,126.67,85.33
Saccade B,1,59,180517181,180583679,66498,601.00,271.93,609.83,271.78,0.78,12.24,0.50,11.72,232.03,33.72,132.87
Saccade B,1,60,180650177,180716827,66650,388.58,361.16,140.94,457.11,23.86,366.00,0.50,357.96,11002.43,516.06,5759.25
Saccade B,1,61,180783386,180849945,66559,237.40,497.51,94.17,551.02,12.86,212.47,0.50,193.21,11556.34,699.79,6128.06
Blink B,1,9,180916442,181016357,99915
Blink B,1,10,181049560,181382293,332733
Saccade B,1,62,181415588,181515533,99945,476.54,638.60,333.74,694.68,12.26,267.60,0.50,122.62,9660.25,844.35,6643.19
Fixation B,1,61,181515533,181681854,166321,422.57,639.95,88,59,-1,128.00,128.00
Saccade B,1,63,181681854,181748321,66467,519.38,677.52,517.85,895.73,14.03,302.94,0.50,211.08,6807.23,3479.66,5143.45
Saccade B,1,64,181781616,181848175,66559,525.13,1045.95,550.18,970.18,6.87,110.38,0.50,103.18,6066.55,539.31,3302.93
Blink B,1,11,181881439,182047851,166412
Fixation B,1,62,182114318,182480438,366120,592.89,542.25,29,31,-1,141.00,121.27
Saccade B,1,65,182480438,182546936,66498,603.45,576.45,671.10,649.96,5.27,138.55,0.50,79.27,3692.06,209.16,1950.61
Fixation B,1,63,182546936,182846435,299499,691.03,648.86,17,14,-1,132.33,122.22
Saccade B,1,66,182846435,182912933,66498,692.53,660.43,654.02,579.75,4.34,123.54,0.50,65.20,3811.40,198.51,2004.95
Saccade B,1,67,182946319,183012817,66498,629.10,548.41,518.63,503.66,5.81,165.31,0.50,87.41,5228.44,2032.84,3630.64
Fixation B,1,64,183012817,183245666,232849,488.21,465.31,26,35,-1,127.86,108.00
Saccade B,1,68,183245666,183312316,66650,542.87,520.41,669.64,640.78,12.07,241.35,0.50,181.14,3803.43,3795.53,3799.48
Fixation B,1,65,183312316,183511932,199616,613.29,616.71,77,20,-1,134.00,118.17
Saccade B,1,69,183511932,183578430,66498,575.09,603.48,625.44,620.37,2.77,73.66,0.50,41.59,2473.12,229.18,1351.15
Saccade B,1,70,183611816,183678314,66498,651.82,622.64,662.73,577.75,2.39,64.08,0.50,35.92,1751.08,820.91,1285.99
Fixation B,1,66,183678314,183778320,100006,673.28,614.15,7,1,-1,131.00,119.33
Saccade B,1,71,183778320,183844665,66345,683.57,586.61,679.81,623.35,3.03,51.28,0.50,45.71,2749.21,1253.35,2001.28
Fixation B,1,67,183844665,184144409,299744,620.63,603.49,145,36,-1,135.11,120.56
Blink B,1,12,184144409,184510284,365875
Fixation B,1,68,184510284,184576934,66650,457.49,663.45,23,2,-1,133.50,117.00
Blink B,1,13,184576934,184743316,166382
Saccade B,1,72,184776611,184843139,66528,581.29,725.78,587.36,616.20,5.78,151.80,0.50,86.84,5079.22,2442.89,3761.06
Fixation B,1,69,184843139,185009307,166168,594.48,608.21,17,29,-1,138.00,120.60
Saccade B,1,73,185009307,185075927,66620,605.35,598.50,610.16,588.75,0.59,15.07,0.50,8.80,498.01,131.80,314.90
Fixation B,1,70,185075927,185142456,66529,612.46,594.71,0,0,-1,137.00,115.50
Saccade B,1,74,185142456,185308807,166351,616.70,595.76,595.37,586.30,2.14,13.20,0.50,12.88,1151.55,182.40,512.15
Fixation B,1,71,185308807,185408691,99884,593.33,580.48,5,11,-1,137.67,119.33
Saccade B,1,75,185408691,185475189,66498,586.26,579.64,593.05,565.07,1.03,22.30,0.50,15.43,921.29,408.24,664.76
Fixation B,1,72,185475189,185575042,99853,591.63,570.25,3,1,-1,135.00,119.67
Saccade B,1,76,185575042,185674804,99762,597.31,568.47,598.39,575.51,0.73,10.39,0.50,7.28,362.51,129.67,210.03
Fixation B,1,73,185674804,185741516,66712,598.46,578.78,3,3,-1,138.00,119.50
Saccade B,1,77,185741516,185841186,99670,597.16,581.65,600.32,594.03,0.65,13.61,0.50,6.50,364.47,188.24,281.52
Fixation B,1,74,185841186,186007537,166351,579.83,559.92,15,17,-1,135.60,120.00
Saccade B,1,78,186007537,186107543,100006,499.22,433.98,363.88,255.30,17.09,239.53,0.50,170.89,6169.26,1153.28,4141.22
Fixation B,1,75,186107543,186240570,133027,395.54,232.01,19,13,-1,125.50,85.25
Saccade B,1,79,186240570,186307067,66497,374.26,202.49,293.56,144.41,6.29,137.27,0.50,94.60,2557.25,1741.28,2149.27
Fixation B,1,76,186307067,186406982,99915,320.89,127.01,14,8,-1,124.67,76.33
Saccade B,1,80,186406982,186473449,66467,317.45,125.44,348.41,131.23,2.07,43.73,0.50,31.11,1842.49,1183.48,1512.99
Fixation B,1,77,186473449,186639831,166382,378.30,179.92,54,71,-1,124.80,80.80
Saccade B,1,81,186639831,186739685,99854,426.12,230.35,696.32,480.07,17.89,457.95,0.50,179.14,12212.19,378.21,4416.89
Fixation B,1,78,186739685,186872802,133117,734.12,547.64,1,25,-1,126.00,116.00
Saccade B,1,82,186872802,186939392,66590,737.80,554.79,731.53,573.24,1.20,27.01,0.50,18.06,1080.18,657.72,868.95
Fixation B,1,79,186939392,187272094,332702,684.81,608.65,79,63,-1,129.00,119.40
Saccade B,1,83,187272094,187371917,99823,648.82,649.17,666.41,665.03,1.40,17.65,0.50,14.07,563.31,108.54,305.91
Fixation B,1,80,187371917,188004180,632263,698.71,650.55,42,167,-1,128.21,116.89
Saccade B,1,84,188004180,188070709,66529,675.05,539.48,678.64,524.90,1.34,20.81,0.50,20.09,406.85,195.55,301.20
Fixation B,1,81,188070709,188170562,99853,685.97,518.88,12,9,-1,126.33,109.67
Saccade B,1,85,188170562,188237121,66559,703.21,512.50,716.75,513.96,1.13,18.85,0.50,16.93,243.21,165.33,204.27
Fixation B,1,82,188237121,188403533,166412,721.56,513.16,9,6,-1,122.40,110.20
Saccade B,1,86,188403533,188536621,133088,718.87,523.01,638.96,531.09,4.43,19.98,0.50,33.32,3622.61,115.81,1557.52
Fixation B,1,83,188536621,188636291,99670,652.21,542.69,25,20,-1,124.00,113.67
Saccade B,1,87,188636291,188702941,66650,642.71,543.64,433.24,481.17,11.12,301.80,0.50,166.84,8086.46,1478.15,4782.30
Saccade B,1,88,188769500,188836059,66559,571.23,436.88,316.73,440.16,14.38,352.36,0.50,216.12,12962.58,301.33,6631.96
Saccade B,1,89,188869323,189102203,232880,242.71,422.82,222.37,401.46,35.16,336.94,0.50,150.96,13007.38,493.73,7564.81
Fixation B,1,84,189102203,189634674,532471,454.53,414.02,326,31,-1,125.31,103.56
Saccade B,1,90,189634674,189701202,66528,531.47,400.35,504.41,392.38,1.74,39.06,0.50,26.20,909.00,286.04,597.52
Fixation B,1,85,189701202,189967498,266296,462.32,390.16,40,9,-1,122.75,99.00
Saccade B,1,91,189967498,190067169,99671,444.16,393.14,470.70,445.06,2.79,68.66,0.50,27.95,2066.25,139.94,1301.67
Fixation B,1,86,190067169,190167053,99884,481.24,453.92,9,7,-1,124.33,107.33
Saccade B,1,92,190167053,190233612,66559,488.43,463.01,499.95,459.46,0.84,16.68,0.50,12.55,537.05,140.00,338.53
Fixation B,1,87,190233612,190399932,166320,516.96,448.82,19,18,-1,128.40,108.60
Saccade B,1,93,190399932,190466552,66620,533.19,432.89,546.63,421.79,1.23,24.05,0.50,18.50,333.25,67.94,200.60
Fixation B,1,88,190466552,190533081,66529,552.21,410.41,5,6,-1,135.00,105.00
Saccade B,1,94,190533081,190599761,66680,561.67,403.38,573.33,395.92,1.00,19.19,0.50,14.94,257.40,130.48,193.94
Fixation B,1,89,190599761,190766113,166352,583.43,395.41,27,10,-1,137.00,105.20
Saccade B,1,95,190766113,190832550,66437,602.20,408.05,573.61,416.14,1.74,41.17,0.50,26.26,1416.49,31.15,723.82
Fixation B,1,90,190832550,190899047,66497,594.53,420.59,3,6,-1,132.00,108.00
Saccade B,1,96,190899047,190998931,99884,622.53,426.81,550.46,462.69,5.03,76.14,0.50,50.37,3317.62,967.26,1891.30
Fixation B,1,91,190998931,191198547,199616,618.53,442.08,69,35,-1,138.00,111.67
Saccade B,1,97,191198547,191331726,133179,656.47,402.13,634.54,635.19,12.23,30.35,0.50,91.82,6899.80,121.87,1892.83
Saccade B,1,98,191398193,191464843,66650,616.71,565.70,646.46,821.16,13.82,354.44,0.50,207.35,12397.90,837.56,6617.73
Blink B,1,14,191464843,191631195,166352
Saccade B,1,99,191697692,191764312,66620,657.27,677.65,404.29,519.03,15.70,414.14,0.50,235.62,10855.17,1718.82,6286.99
Fixation B,1,92,191764312,191864074,99762,107.95,436.08,192,45,-1,120.33,102.67
Saccade B,1,100,191864074,191930694,66620,126.57,423.63,272.86,406.98,11.43,204.03,0.50,171.50,6359.43,2140.06,4249.75
Blink B,1,15,192030456,192130310,99854
Saccade B,1,101,192196838,192329925,133087,395.92,426.15,366.73,481.34,25.70,392.12,0.50,193.10,14146.76,1874.69,8177.88
Saccade B,1,102,192363220,192496307,133087,342.34,508.94,313.22,619.00,27.24,499.30,0.50,204.68,15230.18,2813.67,9111.45
Saccade B,1,103,192562927,192695922,132995,287.27,634.62,184.66,713.41,31.93,516.21,0.50,240.08,15607.31,3728.49,9744.03
Blink B,1,16,192695922,192928924,233002
Fixation B,1,93,192962188,193128570,166382,509.03,708.32,172,49,-1,129.20,114.20
Saccade B,1,104,193128570,193195098,66528,634.65,649.20,634.69,731.80,6.47,114.46,0.50,97.22,5268.95,1197.84,3233.40
Fixation B,1,94,193195098,193494537,299439,634.79,658.24,83,51,-1,128.78,117.44
Saccade B,1,105,193494537,193561187,66650,586.13,692.52,574.94,730.05,3.21,54.27,0.50,48.11,993.90,540.20,767.05
Fixation B,1,95,193594451,193893920,299469,604.34,588.58,13,73,-1,134.22,117.33
Blink B,1,17,193893920,194559661,665741
Saccade B,1,106,194592681,194725830,133149,510.28,925.77,557.34,761.65,14.54,303.23,0.50,109.17,8077.14,2213.76,5046.86
Blink B,1,18,194725830,194825561,99731
Saccade B,1,107,194858947,194925445,66498,585.08,755.03,647.07,595.13,9.06,237.86,0.50,136.25,6137.73,4522.51,5330.12
Fixation B,1,96,194925445,194992065,66620,641.39,564.25,12,1,-1,127.00,113.50
Saccade B,1,108,194992065,195058563,66498,641.15,521.84,619.93,421.79,6.64,141.72,0.50,99.89,2693.67,1829.91,2261.79
Fixation B,1,97,195058563,195158325,99762,578.30,424.42,36,4,-1,125.00,101.67
Saccade B,1,109,195158325,195224945,66620,545.55,433.56,524.07,363.80,4.08,100.78,0.50,61.26,3185.38,264.08,1724.73
Fixation B,1,98,195224945,195491180,266235,452.72,366.59,52,101,-1,120.38,94.13
Saccade B,1,110,195491180,195624176,132996,430.56,440.97,432.32,444.20,3.60,37.46,0.50,27.08,1875.77,171.46,960.88
Fixation B,1,99,195624176,195757293,133117,435.54,470.75,7,19,-1,119.75,107.25
Saccade B,1,111,195757293,195823944,66651,444.24,483.04,454.05,483.92,0.72,13.64,0.50,10.83,269.56,42.54,156.05
Fixation B,1,100,195823944,195890441,66497,460.81,477.29,1,6,-1,127.50,110.00
Saccade B,1,112,195890441,195956939,66498,465.32,468.96,475.14,460.86,0.86,17.63,0.50,13.00,293.19,110.36,201.77
Fixation B,1,101,195956939,196023590,66651,488.96,454.59,7,2,-1,126.00,108.50
Saccade B,1,113,196023590,196090057,66467,499.37,450.87,516.48,444.04,1.18,25.56,0.50,17.75,469.57,29.78,249.68
Fixation B,1,102,196090057,196156677,66620,531.27,443.97,11,0,-1,134.50,108.50
Saccade B,1,114,196156677,196223175,66498,540.88,440.62,547.88,429.72,0.82,17.96,0.50,12.40,354.09,319.16,336.62
Saccade B,1,115,196256439,196323059,66620,549.64,449.15,584.67,633.28,9.88,259.97,0.50,148.31,6730.31,1421.68,4075.99
Fixation B,1,103,196323059,196522705,199646,610.83,557.07,30,107,-1,135.50,118.83
Saccade B,1,116,196522705,196589202,66497,635.26,508.44,736.90,628.70,7.83,218.79,0.50,117.73,6258.53,933.77,3596.15
Fixation B,1,104,196589202,196755554,166352,717.84,592.33,26,44,-1,127.40,122.00
Saccade B,1,117,196755554,196822204,66650,695.88,558.80,711.81,601.84,2.83,63.37,0.50,42.44,2524.22,104.90,1314.56
Fixation B,1,105,196822204,196921936,99732,715.31,623.93,2,11,-1,135.33,123.67
Saccade B,1,118,196921936,197055053,133117,716.59,619.42,104.62,656.63,28.42,512.89,0.50,213.50,13455.61,57.25,5718.17
Fixation B,1,106,197055053,197321350,266297,172.18,623.50,109,34,-1,123.75,128.25
Saccade B,1,119,197321350,197421051,99701,236.49,606.56,258.16,595.17,2.09,42.04,0.50,20.93,1507.43,106.28,841.41
Fixation B,1,107,197421051,197920196,499145,243.74,574.57,127,79,-1,126.67,124.20
Saccade B,1,120,197920196,197986816,66620,224.81,532.67,161.47,463.79,6.12,129.31,0.50,91.90,5192.23,354.27,2773.25
Fixation B,1,108,197986816,198086547,99731,149.25,365.53,13,53,-1,122.33,102.67
Saccade B,1,121,198086547,198252929,166382,222.06,366.21,224.17,392.97,20.57,146.50,0.50,123.65,9628.50,717.83,5431.34
Saccade B,1,122,198319610,198386138,66528,363.62,426.85,211.46,444.66,11.70,212.68,0.50,175.93,10478.03,2421.67,6449.85
Fixation B,1,109,198386138,198452758,66620,325.22,469.65,88,23,-1,123.50,116.00
Saccade B,1,123,198452758,198519195,66437,452.93,503.35,300.47,493.38,11.02,212.29,0.50,165.87,9956.74,225.38,5091.06
Blink B,1,19,198519195,198818695,299500
Fixation B,1,110,198818695,198885192,66497,314.83,596.35,53,76,-1,128.00,124.00
Saccade B,1,124,198885192,198951812,66620,361.64,656.71,440.71,652.26,7.20,109.34,0.50,108.03,5766.55,1129.90,3448.23
Blink B,1,20,198985076,199217926,232850
Fixation B,1,111,199217926,199351074,133148,743.58,641.70,412,65,-1,122.50,115.00
Saccade B,1,125,199351074,199417694,66620,644.10,589.58,436.45,608.60,10.71,288.94,0.50,160.76,9179.47,1527.61,5353.54
Fixation B,1,112,199417694,199484283,66589,490.83,585.20,49,15,-1,125.50,115.50
Saccade B,1,126,199484283,199584075,99792,563.56,570.45,407.35,616.94,13.42,280.86,0.50,134.48,10106.63,367.85,3617.67
Fixation B,1,113,199584075,199717071,132996,457.25,624.05,141,13,-1,127.00,118.00
Saccade B,1,127,199717071,199816925,99854,540.45,635.12,431.68,636.51,11.24,229.71,0.50,112.61,9305.68,1670.55,6104.05
Fixation B,1,114,199816925,200149688,332763,601.88,554.14,148,105,-1,132.00,115.80
Saccade B,1,128,200149688,200349334,199646,646.89,501.95,614.54,442.91,5.54,22.09,0.50,27.76,3305.59,328.07,1134.97
Fixation B,1,115,200349334,200415954,66620,602.65,442.78,23,0,-1,132.50,106.50
Saccade B,1,129,200415954,200482452,66498,559.21,451.42,521.48,461.49,3.31,54.16,0.50,49.77,498.29,264.95,381.62
Saccade B,1,130,200515716,200582336,66620,377.51,490.40,151.19,522.39,16.32,315.86,0.50,244.98,4351.06,4277.65,4314.36
Fixation B,1,116,200582336,200648834,66498,163.58,518.27,9,5,-1,116.00,114.00
Saccade B,1,131,200648834,200781951,133117,171.54,522.13,248.20,546.51,9.17,125.21,0.50,68.91,4048.25,958.19,3333.47
Saccade B,1,132,200815185,200915069,99884,268.04,558.86,165.18,573.85,8.75,186.77,0.50,87.57,6887.25,561.60,4602.52
Fixation B,1,117,200915069,201081390,166321,289.58,562.28,141,19,-1,124.80,120.20
Saccade B,1,133,201081390,201147949,66559,354.22,570.82,394.72,559.76,2.55,58.13,0.50,38.32,1962.12,859.52,1410.82
Fixation B,1,118,201147949,201281066,133117,481.85,533.59,97,24,-1,128.75,116.25
Saccade B,1,134,201281066,201347595,66529,528.42,522.32,484.67,540.29,2.23,65.53,0.50,33.57,1987.99,1129.13,1558.56
Fixation B,1,119,201347595,201480712,133117,557.55,533.30,85,8,-1,135.25,116.75
Blink B,1,21,201514068,201813476,299408
Fixation B,1,120,201813476,201913330,99854,335.03,573.51,72,14,-1,125.67,123.00
Saccade B,1,135,201913330,201979827,66497,354.13,573.77,432.08,568.41,5.32,108.37,0.50,80.00,4233.76,1711.52,2972.64
Saccade B,1,136,202046447,202112976,66529,616.89,552.95,401.76,615.84,12.45,310.58,0.50,187.09,11189.90,854.02,6021.96
Blink B,1,22,202112976,202412506,299530
Fixation B,1,121,202412506,202478942,66436,492.89,567.80,16,9,-1,132.00,116.00
Saccade B,1,137,202512329,202578826,66497,524.32,555.94,281.06,589.92,11.69,340.67,0.50,175.86,10575.11,343.58,5459.34
Fixation B,1,122,202578826,202778472,199646,306.20,583.01,152,17,-1,118.17,114.83
Saccade B,1,138,202778472,202845062,66590,318.16,616.46,96.39,645.70,13.76,308.27,0.50,206.62,6283.92,4777.42,5530.67
Fixation B,1,123,202845062,202911651,66589,183.82,626.49,83,14,-1,108.00,119.00
Saccade B,1,139,202911651,203111206,199555,318.16,607.04,349.39,632.96,33.86,129.90,0.50,169.66,15139.72,229.99,4699.78
Saccade B,1,140,203177795,203310974,133179,451.55,599.95,412.78,616.18,20.40,402.52,0.50,153.15,14644.86,476.30,6581.27
Fixation B,1,124,203310974,203377441,66467,452.75,602.91,79,26,-1,124.00,115.50
Saccade B,1,141,203377441,203443939,66498,410.18,616.15,284.34,644.14,9.93,178.64,0.50,149.37,7125.29,1805.44,4465.36
Fixation B,1,125,203443939,203776702,332763,537.20,594.77,273,35,-1,131.50,116.40
Saccade B,1,142,203776702,203909820,133118,645.93,567.05,649.38,653.13,7.65,40.38,0.50,57.43,5573.40,227.87,2159.58
Fixation B,1,126,203909820,203976440,66620,659.93,653.31,21,0,-1,129.00,120.00
Saccade B,1,143,203976440,204042938,66498,677.70,653.82,590.00,573.94,5.80,164.39,0.50,87.19,5176.53,577.28,2876.90
Fixation B,1,127,204042938,204109466,66528,621.53,561.02,22,1,-1,133.00,111.50
Saccade B,1,144,204109466,204176086,66620,647.66,549.58,692.37,536.33,3.00,64.43,0.50,44.96,1231.14,468.58,849.86
Fixation B,1,128,204176086,204275848,99762,721.07,527.84,8,4,-1,127.33,110.67
Saccade B,1,145,204275848,204375701,99853,704.02,530.30,707.26,451.37,4.88,106.21,0.50,48.88,3224.19,356.74,1327.01
Fixation B,1,129,204375701,204475646,99945,682.20,453.96,25,9,-1,133.00,108.67
Saccade B,1,146,204475646,204608703,133057,647.77,464.10,645.37,462.47,5.89,72.80,0.50,44.27,3728.72,286.02,1804.92
Fixation B,1,130,204608703,204708465,99762,625.19,489.55,14,5,-1,134.00,111.00
Saccade B,1,147,204708465,204775085,66620,615.20,488.78,599.03,488.67,0.95,22.42,0.50,14.27,540.13,128.85,334.49
Saccade B,1,148,204808319,204874816,66497,569.00,505.75,542.12,607.12,6.18,145.32,0.50,92.90,3288.97,1223.97,2256.47
Fixation B,1,131,204874816,204974700,99884,527.95,614.68,9,13,-1,134.67,121.00
Saccade B,1,149,204974700,205041198,66498,528.62,626.43,534.49,689.20,3.22,87.43,0.50,48.42,2412.00,288.09,1350.05
Blink B,1,23,205041198,205141082,99884
Fixation B,1,132,205141082,205573608,432526,463.19,667.94,209,79,-1,131.62,122.38
Blink B,1,24,205573608,205806549,232941
Fixation B,1,133,205806549,205972961,166412,688.91,690.89,78,7,-1,129.20,120.00
Blink B,1,25,205972961,206106109,133148
Fixation B,1,134,206106109,206205810,99701,650.43,683.28,72,14,-1,127.67,119.67
Blink B,1,26,206205810,206305694,99884
Fixation B,1,135,206305694,206372222,66528,449.66,1000.73,8,19,-1,119.50,100.50
Blink B,1,27,206438842,206605194,166352
Fixation B,1,136,206638458,206738311,99853,291.90,648.68,51,32,-1,131.00,127.33
Saccade B,1,150,206738311,206838073,99762,344.10,619.08,232.84,519.47,9.18,195.43,0.50,92.06,6604.33,150.18,4182.02
Fixation B,1,137,206838073,207004455,166382,367.19,465.91,156,48,-1,123.00,112.20
Saccade B,1,151,207037689,207137573,99884,459.84,440.25,890.90,746.50,24.80,390.09,0.50,248.26,10362.03,525.66,4739.24
Fixation B,1,138,207137573,207270690,133117,848.96,720.19,55,19,-1,131.75,123.00
Saccade B,1,152,207270690,207337188,66498,797.45,673.97,829.28,723.22,4.69,81.26,0.50,70.46,4235.49,1454.75,2845.12
Fixation B,1,139,207337188,207503601,166413,797.64,716.89,108,60,-1,129.40,123.40
Saccade B,1,153,207503601,207570220,66619,720.39,712.14,698.53,670.53,3.23,65.24,0.50,48.49,2007.60,645.79,1326.69
Fixation B,1,140,207570220,207836334,266114,636.43,657.37,88,65,-1,131.38,121.38
Saccade B,1,154,207836334,207936187,99853,588.06,653.19,665.98,558.33,6.84,113.46,0.50,68.55,2723.22,1399.96,1965.32
Fixation B,1,141,207936187,208036071,99884,643.56,570.70,21,26,-1,132.33,117.00
Saccade B,1,155,208036071,208235717,199646,625.70,590.52,552.81,663.48,8.30,28.62,0.50,41.60,4382.51,368.03,1668.88
Fixation B,1,142,208235717,208435516,199799,546.34,663.17,13,33,-1,130.00,117.83
Saccade B,1,156,208435516,208501800,66284,556.87,673.95,568.53,687.72,1.07,25.17,0.50,16.19,623.75,141.04,382.39
Fixation B,1,143,208501800,208601745,99945,554.83,695.46,17,14,-1,125.67,116.00
Saccade B,1,157,208601745,208701568,99823,514.06,733.65,584.73,744.01,8.53,115.10,0.50,85.44,5224.65,1109.04,3494.64
Fixation B,1,144,208701568,208834564,132996,559.83,749.11,26,8,-1,129.50,123.25
Blink B,1,28,208834564,209100830,266266
Fixation B,1,145,209100830,209267547,166717,607.94,748.69,35,41,-1,129.60,121.80
Saccade B,1,158,209267547,209333923,66376,638.51,712.23,652.75,692.81,1.96,33.64,0.50,29.51,291.91,255.03,273.47
Fixation B,1,146,209333923,209400329,66406,677.92,687.53,20,0,-1,130.00,120.00
Saccade B,1,159,209400329,209466796,66467,706.14,683.38,629.85,692.67,4.39,106.59,0.50,66.05,3972.64,167.12,2069.88
Fixation B,1,147,209466796,209533477,66681,612.77,678.61,39,15,-1,125.00,115.50
Saccade B,1,160,209533477,209633209,99732,684.46,668.84,496.15,620.93,15.63,331.76,0.50,156.73,11899.54,296.32,4319.29
Saccade B,1,161,209699859,209766326,66467,459.34,559.83,238.32,594.71,11.31,310.33,0.50,170.23,10119.84,2131.68,6125.76
Fixation B,1,148,209766326,209832946,66620,325.89,559.07,72,14,-1,116.50,113.50
Blink B,1,29,209832946,210132324,299378
Fixation B,1,149,210132324,210431823,299499,299.88,474.47,284,37,-1,119.78,111.33
Saccade B,1,162,210431823,210498474,66651,476.75,514.93,325.12,535.03,8.01,212.13,0.50,120.18,6916.18,1436.08,4176.13
Fixation B,1,150,210498474,210564941,66467,401.98,545.97,60,5,-1,125.00,119.50
Saccade B,1,163,210564941,210631591,66650,393.73,566.91,182.73,620.51,12.02,301.94,0.50,180.36,7356.34,4141.57,5748.96
Fixation B,1,151,210631591,210698089,66498,271.83,609.91,77,12,-1,122.50,125.00
Saccade B,1,164,210698089,210798034,99945,393.43,595.21,294.75,625.23,15.24,242.93,0.50,152.51,10324.34,243.04,3683.39
Saccade B,1,165,210831207,210897705,66498,247.92,592.11,325.53,579.85,3.81,108.98,0.50,57.27,3385.37,2052.89,2719.13
Fixation B,1,152,210897705,210964324,66619,437.94,559.44,78,16,-1,126.50,119.50
Saccade B,1,166,210964324,211030883,66559,541.29,540.85,440.93,559.52,7.69,141.57,0.50,115.55,6952.98,674.15,3813.57
Fixation B,1,153,211030883,211230468,199585,481.99,572.91,213,16,-1,126.33,117.83
Saccade B,1,167,211230468,211297088,66620,607.99,565.15,464.35,609.98,8.22,208.70,0.50,123.33,7390.70,360.43,3875.57
Fixation B,1,154,211297088,211430084,132996,552.87,583.21,129,26,-1,134.25,120.25
Saccade B,1,168,211430084,211529968,99884,618.95,567.99,584.67,570.31,3.90,79.40,0.50,39.06,3380.06,1903.70,2549.58
Fixation B,1,155,211529968,211729583,199615,632.88,560.35,41,39,-1,134.67,116.33
Saccade B,1,169,211729583,211796203,66620,630.69,535.18,614.36,527.59,1.38,24.98,0.50,20.65,317.69,128.71,223.20
Fixation B,1,156,211796203,211895996,99793,582.78,518.76,29,23,-1,134.67,113.67
Saccade B,1,170,211895996,211962585,66589,554.03,503.87,622.01,525.30,3.99,98.95,0.50,59.89,3605.49,99.83,1852.66
Fixation B,1,157,211962585,212228698,266113,550.27,556.70,104,22,-1,131.00,117.25
Blink B,1,30,212228698,212461700,233002
Fixation B,1,158,212461700,212761199,299499,466.13,621.15,90,69,-1,131.56,122.78
Saccade B,1,171,212761199,212827728,66529,501.06,601.75,289.97,616.22,10.68,293.17,0.50,160.57,8024.94,1797.63,4911.29
Fixation B,1,159,212827728,213060577,232849,404.90,613.86,197,7,-1,133.86,125.14
Saccade B,1,172,213060577,213193725,133148,535.95,630.83,440.57,696.61,13.14,197.86,0.50,98.71,7023.05,807.26,4592.55
Fixation B,1,160,213193725,213293579,99854,473.96,688.52,68,16,-1,133.67,123.33
Saccade B,1,173,213293579,213393463,99884,532.76,675.20,366.89,666.76,10.95,261.51,0.50,109.65,8848.00,594.85,6086.94
Fixation B,1,161,213393463,213593078,199615,498.84,626.58,175,25,-1,137.17,125.33
Saccade B,1,174,213593078,213659606,66528,585.97,618.80,404.79,656.16,8.79,256.33,0.50,132.08,7673.27,1421.70,4547.49
Fixation B,1,162,213659606,213825958,166352,432.38,640.10,28,9,-1,131.60,124.60
Saccade B,1,175,213825958,213925811,99853,448.73,637.88,464.32,623.22,1.29,21.06,0.50,12.94,625.10,159.29,435.01
Fixation B,1,163,213925811,214092224,166413,515.27,607.82,62,6,-1,133.40,120.40
Saccade B,1,176,214092224,214158752,66528,581.58,598.15,387.67,633.09,10.43,273.28,0.50,156.74,9422.83,426.25,4924.54
Fixation B,1,164,214158752,214258605,99853,338.52,635.68,107,29,-1,123.33,123.67
Saccade B,1,177,214258605,214325103,66498,445.51,613.10,353.12,667.13,7.45,148.44,0.50,112.01,6635.91,211.83,3423.87
Fixation B,1,165,214325103,214491607,166504,509.11,607.40,186,101,-1,131.60,117.80
Saccade B,1,178,214491607,214558074,66467,653.15,586.64,776.84,777.62,13.67,316.75,0.50,205.64,7070.67,3028.92,5049.79
Saccade B,1,179,214591430,214657836,66406,794.18,787.15,876.29,820.77,5.52,123.40,0.50,83.07,4897.15,3337.80,4117.47
Fixation B,1,166,214657836,214790954,133118,838.73,729.05,75,131,-1,124.75,116.25
Saccade B,1,180,214790954,214857513,66559,814.51,666.81,858.49,715.77,3.67,91.11,0.50,55.19,2364.34,2313.16,2338.75
Fixation B,1,167,214857513,215190216,332703,772.54,594.47,85,162,-1,125.70,114.80
Saccade B,1,181,215190216,215323425,133209,803.83,530.71,563.05,412.26,12.45,31.95,0.50,93.50,6884.41,217.44,2599.41
Fixation B,1,168,215323425,215622833,299408,663.32,434.71,169,66,-1,130.00,105.67
Saccade B,1,182,215622833,215689453,66620,699.10,492.10,519.59,573.87,10.90,273.59,0.50,163.54,6627.75,1734.07,4180.91
Fixation B,1,169,215689453,215955596,266143,589.19,593.52,109,47,-1,135.38,119.13
Saccade B,1,183,215955596,216022216,66620,647.66,628.93,602.27,636.44,2.72,63.69,0.50,40.87,2313.11,204.60,1258.85
Fixation B,1,170,216022216,216088714,66498,596.72,657.59,0,16,-1,136.00,117.00
Saccade B,1,184,216088714,216188568,99854,600.55,664.67,605.41,676.21,0.93,19.75,0.50,9.34,772.87,597.96,679.14
Fixation B,1,171,216188568,216654357,465789,616.39,686.58,25,69,-1,131.20,118.60
Saccade B,1,185,216654357,216720947,66590,630.18,694.75,676.59,654.38,3.28,84.68,0.50,49.28,2582.25,632.37,1607.31
Fixation B,1,172,216720947,216820739,99792,689.42,659.86,13,30,-1,134.00,119.00
Saccade B,1,186,216820739,216887451,66712,700.15,621.11,688.46,553.17,5.90,95.35,0.50,88.41,3664.22,744.10,2204.16
Fixation B,1,173,216887451,216953826,66375,676.37,542.24,11,10,-1,128.50,116.00
Saccade B,1,187,216953826,217020538,66712,666.47,532.26,651.44,530.86,0.98,20.84,0.50,14.71,480.40,411.00,445.70
Fixation B,1,174,217020538,217320007,299469,586.57,481.85,94,58,-1,137.22,112.78
Saccade B,1,188,217320007,217419708,99701,537.96,491.37,460.38,621.26,7.75,165.32,0.50,77.76,3634.09,222.69,1498.84
Fixation B,1,175,217419708,217619445,199737,477.81,632.66,33,16,-1,137.00,124.50
Saccade B,1,189,217619445,217752471,133026,457.66,714.20,490.21,996.44,31.11,321.44,0.50,233.85,19945.31,3692.19,9989.63
Fixation B,1,176,217752471,217885589,133118,502.41,1007.03,65,29,-1,125.75,114.25
Saccade B,1,190,217885589,217985473,99884,537.27,1045.55,583.27,732.69,17.99,454.62,0.50,180.15,14162.20,1566.13,6125.74
Blink B,1,31,218085235,218284973,199738
Fixation B,1,177,218284973,218351654,66681,656.31,834.00,7,27,-1,133.00,116.50
Blink B,1,32,218351654,218584320,232666
Fixation B,1,178,218584320,218750701,166381,650.48,804.65,9,21,-1,134.80,127.20
Blink B,1,33,218750701,218950500,199799
Fixation B,1,179,218950500,219050231,99731,667.11,770.02,24,35,-1,131.33,122.33
Saccade B,1,191,219050231,219116821,66590,668.45,767.39,644.12,739.42,2.70,51.28,0.50,40.61,2432.22,2022.74,2227.48
Fixation B,1,180,219116821,219183441,66620,635.50,748.24,0,27,-1,131.00,126.00
Blink B,1,34,219183441,219349700,166259
Saccade B,1,192,219416198,219482818,66620,637.22,767.10,463.66,959.77,12.28,358.02,0.50,184.39,10882.88,1017.19,5950.04
Fixation B,1,181,219482818,219549346,66528,491.53,935.43,12,13,-1,129.50,103.50
Saccade B,1,193,219549346,219615936,66590,501.67,931.64,523.82,731.87,9.50,278.76,0.50,142.72,8499.16,794.95,4647.06
Saccade B,1,194,219682495,219815612,133117,547.03,720.53,563.05,738.21,22.83,275.31,0.50,171.54,16538.32,7622.50,9945.94
Blink B,1,35,219848815,220214843,366028
Blink B,1,36,220248199,220547729,299530
Fixation B,1,182,220547729,220614227,66498,418.05,637.28,78,2,-1,134.00,133.00
Saccade B,1,195,220614227,220680725,66498,519.94,652.73,348.29,658.27,10.85,237.54,0.50,163.16,9728.02,850.29,5289.16
Fixation B,1,183,220680725,220780578,99853,433.77,661.85,113,4,-1,131.33,129.67
Saccade B,1,196,220780578,220880340,99762,550.48,657.43,365.42,670.85,15.37,317.44,0.50,154.02,11366.27,441.80,4216.27
Fixation B,1,184,220880340,220946960,66620,395.93,657.67,55,12,-1,131.00,130.00
Saccade B,1,197,220946960,221013458,66498,386.57,663.69,322.99,701.51,5.22,102.52,0.50,78.43,4005.01,1531.19,2768.10
Fixation B,1,185,221013458,221080078,66620,411.74,693.92,58,1,-1,128.00,126.50
Saccade B,1,198,221080078,221146575,66497,502.69,667.35,375.16,728.11,9.60,195.39,0.50,144.32,8660.87,1220.52,4940.69
Fixation B,1,186,221146575,221213073,66498,360.47,746.37,48,3,-1,121.00,118.50
Saccade B,1,199,221213073,221279785,66712,435.95,750.62,442.41,971.96,12.58,305.71,0.50,188.61,9102.67,394.15,4748.41
Blink B,1,37,221279785,221412841,133056
Blink B,1,38,221579223,221712341,133118
Fixation B,1,187,221712341,221778869,66528,657.73,630.47,0,9,-1,129.50,115.00
Saccade B,1,200,221778869,221845336,66467,661.63,612.77,635.58,535.07,4.40,113.77,0.50,66.22,2974.79,189.21,1582.00
Fixation B,1,188,221845336,221911956,66620,621.37,533.85,11,2,-1,135.00,113.00
Saccade B,1,201,221911956,221978454,66498,599.87,501.49,582.89,461.27,3.73,60.50,0.50,56.08,1533.38,273.17,903.28
Fixation B,1,189,221978454,222045074,66620,571.80,464.21,1,3,-1,134.50,108.50
Saccade B,1,202,222045074,222111724,66650,557.26,476.88,514.40,434.22,3.66,83.80,0.50,54.85,2512.18,753.22,1632.70
Fixation B,1,190,222111724,222211700,99976,502.71,436.75,2,14,-1,130.00,107.33
Saccade B,1,203,222211700,222277954,66254,499.01,456.05,469.12,439.88,2.17,47.44,0.50,32.76,1633.61,361.84,997.72
Fixation B,1,191,222277954,222377838,99884,483.97,446.68,28,2,-1,126.33,108.67
Saccade B,1,204,222377838,222444335,66497,515.65,444.06,401.02,489.27,6.40,170.59,0.50,96.28,5763.53,125.65,2944.59
Fixation B,1,192,222444335,222544219,99884,468.60,479.18,69,21,-1,125.33,110.67
Saccade B,1,205,222544219,222610717,66498,460.87,514.62,441.60,640.91,8.78,177.02,0.50,131.99,4015.95,3470.96,3743.46
Fixation B,1,193,222610717,222910217,299500,626.08,572.28,277,85,-1,131.33,117.22
Saccade B,1,206,222910217,222976745,66528,791.26,532.45,618.40,565.87,9.54,242.41,0.50,143.47,8568.00,130.92,4349.46
Fixation B,1,194,222976745,223176483,199738,664.93,569.77,199,10,-1,132.67,116.17
Saccade B,1,207,223176483,223242980,66497,694.58,567.99,459.28,621.56,14.61,334.70,0.50,219.77,6977.51,5092.64,6035.08
Fixation B,1,195,223242980,223409362,166382,603.48,592.22,192,28,-1,134.80,118.40
Saccade B,1,208,223409362,223509216,99854,735.53,572.85,544.32,596.32,13.31,305.47,0.50,133.26,10346.17,103.59,3658.32
Fixation B,1,196,223509216,223742156,232940,565.43,563.64,42,30,-1,133.86,117.43
Saccade B,1,209,223742156,223808593,66437,556.54,568.06,544.15,581.98,1.53,25.70,0.50,23.05,449.21,186.95,318.08
Fixation B,1,197,223808593,223875213,66620,534.73,583.06,3,1,-1,127.50,117.00
Saccade B,1,210,223875213,223941711,66498,517.49,585.10,324.90,623.53,9.78,272.39,0.50,147.00,7546.05,509.23,4027.64
Fixation B,1,198,223941711,224041656,99945,344.11,620.26,38,2,-1,125.00,122.00
Saccade B,1,211,224041656,224207977,166321,387.87,617.47,257.98,688.56,13.59,56.58,0.50,81.72,9746.21,221.01,3647.93
Fixation B,1,199,224207977,224274505,66528,290.05,686.11,64,4,-1,125.50,125.00
Saccade B,1,212,224274505,224374328,99823,394.66,662.98,272.14,675.07,15.31,262.46,0.50,153.33,10648.43,741.82,4063.64
Blink B,1,39,224407623,224707092,299469
Saccade B,1,213,224740356,224873474,133118,533.88,671.24,344.85,718.81,21.95,433.90,0.50,164.93,14872.46,960.25,6980.53
Saccade B,1,214,224906738,224973358,66620,431.59,700.62,501.55,619.06,9.06,149.05,0.50,135.93,2736.10,536.65,1636.38
Fixation B,1,200,224973358,225039855,66497,611.25,666.11,79,27,-1,129.00,112.00
Saccade B,1,215,225039855,225106353,66498,559.42,660.33,305.29,751.71,16.68,374.20,0.50,250.83,7611.79,7284.82,7448.30
Fixation B,1,201,225106353,225472473,366120,597.96,647.00,376,104,-1,129.18,116.18
Saccade B,1,216,225472473,225538970,66497,748.67,588.21,737.58,565.85,1.66,34.58,0.50,24.97,765.99,324.99,545.49
Fixation B,1,202,225538970,225672088,133118,695.58,544.09,61,16,-1,131.50,112.00
Saccade B,1,217,225672088,225738616,66528,667.88,585.19,651.77,745.81,9.52,223.68,0.50,143.03,4896.87,2134.94,3515.91
Blink B,1,40,225771972,226137969,365997
Fixation B,1,203,226137969,226237731,99762,499.32,669.44,13,15,-1,131.00,112.00
Saccade B,1,218,226237731,226304351,66620,518.96,669.99,502.09,643.62,2.09,43.26,0.50,31.31,1451.67,581.61,1016.64
Fixation B,1,204,226304351,226503967,199616,556.56,605.44,103,59,-1,135.67,116.17
Saccade B,1,219,226503967,226570465,66498,625.00,535.00,674.17,564.15,4.62,79.22,0.50,69.54,3370.75,1649.31,2510.03
Fixation B,1,205,226570465,226770202,199737,745.53,565.95,88,20,-1,128.50,113.33
Saccade B,1,220,226770202,226903198,132996,785.78,577.38,607.04,538.05,9.26,83.59,0.50,69.60,7285.60,1102.14,3945.26
Fixation B,1,206,226903198,227102966,199768,690.80,551.82,145,27,-1,130.67,111.00
Saccade B,1,221,227102966,227169464,66498,759.52,572.59,716.74,521.42,3.51,92.41,0.50,52.81,3173.61,332.26,1752.93
Saccade B,1,222,227202728,227269348,66620,701.09,510.83,689.65,509.77,0.94,15.90,0.50,14.04,203.05,90.53,146.79
Fixation B,1,207,227269348,227369079,99731,663.42,520.08,40,8,-1,134.00,110.67
Saccade B,1,223,227369079,227502227,133148,607.95,535.23,514.98,567.87,6.20,53.28,0.50,46.60,483.85,275.22,404.57
Fixation B,1,208,227502227,227701843,199616,459.49,589.19,39,33,-1,130.50,118.83
Saccade B,1,224,227701843,227768463,66620,447.67,615.39,445.32,629.27,0.98,19.51,0.50,14.78,296.52,48.07,172.29
Fixation B,1,209,227768463,227901641,133178,466.78,647.38,26,21,-1,133.25,124.00
Saccade B,1,225,227901641,228001342,99701,479.43,662.39,574.25,571.59,6.55,107.68,0.50,65.69,3340.42,317.70,1773.84
Fixation B,1,210,228001342,228400726,399384,615.64,605.57,79,67,-1,133.33,115.00
Saccade B,1,226,228400726,228467224,66498,638.11,640.09,633.71,656.62,1.11,23.73,0.50,16.68,437.98,253.83,345.91
Fixation B,1,211,228467224,228533721,66497,634.25,663.39,1,0,-1,133.00,124.00
Saccade B,1,227,228533721,228600341,66620,627.00,664.49,641.16,668.70,0.98,20.41,0.50,14.72,860.17,206.26,533.21
Fixation B,1,212,228600341,228766723,166382,653.84,667.13,15,5,-1,134.20,122.60
Saccade B,1,228,228766723,228833221,66498,656.16,668.65,685.03,698.58,2.11,57.68,0.50,31.67,1816.13,194.40,1005.27
Fixation B,1,213,228833221,229032867,199646,656.96,697.35,57,37,-1,133.17,123.17
Saccade B,1,229,229032867,229099578,66711,610.63,680.25,643.57,709.34,2.84,60.73,0.50,42.54,2480.69,453.05,1466.87
Fixation B,1,214,229099578,229165985,66407,632.94,684.55,5,10,-1,132.50,121.00
Saccade B,1,230,229165985,229299133,133148,623.63,675.64,610.88,621.14,2.40,24.74,0.50,18.04,624.42,314.05,508.22
Fixation B,1,215,229299133,229365600,66467,608.33,614.86,5,12,-1,132.00,117.50
Saccade B,1,231,229365600,229465484,99884,601.14,601.15,582.80,587.13,4.81,78.28,0.50,48.18,3935.28,213.59,2045.72
Fixation B,1,216,229465484,229698486,233002,574.50,575.77,15,4,-1,137.71,122.00
Saccade B,1,232,229698486,229764984,66498,569.99,575.71,570.00,585.17,0.61,13.11,0.50,9.12,518.90,321.09,420.00
Fixation B,1,217,229764984,229864868,99884,570.08,598.01,6,23,-1,139.00,121.67
Saccade B,1,233,229864868,229931579,66711,558.87,577.67,569.25,633.97,4.23,79.41,0.50,63.35,3811.29,2007.19,2909.24
Fixation B,1,218,229931579,229997833,66254,563.84,636.35,1,3,-1,139.00,117.00
Blink B,1,41,229997833,230097717,99884
Fixation B,1,219,230097717,230297332,199615,606.78,690.94,42,46,-1,132.33,121.00
Saccade B,1,234,230297332,230363952,66620,629.92,697.71,523.76,675.20,5.18,150.23,0.50,77.79,4664.74,515.08,2589.91
Fixation B,1,220,230363952,230463714,99762,526.98,738.16,20,10,-1,125.33,120.00
Blink B,1,42,230463714,230563598,99884
Fixation B,1,221,230563598,231694976,1131378,696.35,650.17,276,131,-1,127.00,115.46
Blink B,1,43,231694976,231961120,266144
Fixation B,1,222,231961120,232160858,199738,896.19,663.70,38,32,-1,124.33,115.17
Saccade B,1,235,232160858,232227447,66589,876.53,663.13,861.19,656.33,1.04,23.24,0.50,15.58,575.17,190.00,382.59
Fixation B,1,223,232227447,232426971,199524,815.33,638.48,63,33,-1,123.67,115.33
Saccade B,1,236,232426971,232493591,66620,757.03,642.40,665.19,697.36,6.48,147.77,0.50,97.32,3028.37,1133.19,2080.78
Fixation B,1,224,232493591,232560150,66559,684.48,658.32,16,17,-1,131.00,120.00
Saccade B,1,237,232560150,232626739,66589,719.00,645.46,750.42,665.42,2.94,51.67,0.50,44.16,1026.72,690.28,858.50
Fixation B,1,225,232626739,232826354,199615,750.98,652.02,8,32,-1,127.33,117.33
Saccade B,1,238,232826354,232892852,66498,756.48,687.13,763.55,615.96,3.98,98.83,0.50,59.80,3577.36,233.56,1905.46
Saccade B,1,239,232926116,232992736,66620,783.11,590.34,695.70,551.28,4.67,131.94,0.50,70.03,4117.74,1662.19,2889.96
Fixation B,1,226,232992736,233092498,99762,680.18,543.81,1,5,-1,127.33,112.67
Saccade B,1,240,233092498,233159118,66620,680.35,552.53,685.54,521.65,1.75,43.28,0.50,26.22,1571.36,69.56,820.46
Fixation B,1,227,233159118,233225616,66498,691.48,530.00,7,12,-1,131.50,113.50
Saccade B,1,241,233225616,233292297,66681,662.65,527.74,426.53,457.27,12.94,341.75,0.50,194.03,8890.98,1849.88,5370.43
Fixation B,1,228,233292297,233358734,66437,413.19,446.86,17,3,-1,124.00,105.00
Saccade B,1,242,233358734,233425201,66467,452.23,458.12,389.35,437.10,4.50,91.86,0.50,67.77,4074.42,556.65,2315.54
Fixation B,1,229,233425201,233525115,99914,422.36,440.95,49,10,-1,124.67,105.00
Saccade B,1,243,233525115,233625030,99915,471.59,456.35,456.01,446.53,4.25,57.75,0.50,42.52,2719.36,170.75,1025.28
Fixation B,1,230,233625030,233757965,132935,498.79,445.93,54,5,-1,126.25,106.25
Saccade B,1,244,233757965,233824584,66619,535.51,444.16,555.03,440.00,1.35,27.45,0.50,20.20,565.46,504.11,534.78
Fixation B,1,231,233824584,233957763,133179,595.13,435.80,48,6,-1,127.25,103.75
Saccade B,1,245,233957763,234024230,66467,625.38,431.74,642.14,425.61,1.14,24.74,0.50,17.11,479.60,318.88,399.24
Fixation B,1,232,234024230,234157379,133149,684.33,429.62,58,14,-1,131.75,103.75
Saccade B,1,246,234157379,234223846,66467,743.62,440.16,579.31,504.59,9.50,244.80,0.50,142.96,8467.87,358.74,4413.31
Fixation B,1,233,234223846,234456848,233002,642.47,527.77,248,24,-1,132.57,113.86
Saccade B,1,247,234456848,234523529,66681,636.77,530.69,396.36,622.07,17.90,356.39,0.50,268.47,7023.50,5614.54,6319.02
Fixation B,1,234,234523529,234623229,99700,483.09,601.63,92,17,-1,135.33,121.33
Saccade B,1,248,234623229,234689727,66498,571.89,592.51,614.36,550.77,4.68,82.51,0.50,70.31,1726.32,432.44,1079.38
Saccade B,1,249,234722961,234822875,99914,590.96,661.40,487.13,622.07,11.85,172.91,0.50,118.57,5856.34,5216.97,5615.74
Fixation B,1,235,234822875,235122375,299500,520.93,618.77,18,19,-1,139.44,124.00
Saccade B,1,250,235122375,235222167,99792,534.92,622.47,255.38,669.87,13.66,311.96,0.50,136.89,6946.13,372.46,3415.94
Fixation B,1,236,235222167,235321990,99823,317.32,667.65,81,4,-1,130.00,128.00
Saccade B,1,251,235321990,235588256,266266,402.97,671.33,380.60,653.27,32.29,243.47,0.50,121.29,10177.74,115.79,4760.99
Fixation B,1,237,235588256,235654724,66468,416.66,645.39,72,15,-1,125.50,117.50
Saccade B,1,252,235654724,235754638,99914,530.88,619.96,411.48,670.41,15.69,268.66,0.50,157.04,10763.73,263.81,3876.18
Fixation B,1,238,235754638,235887756,133118,475.54,703.14,208,57,-1,130.00,117.75
Saccade B,1,253,235887756,235954254,66498,489.96,629.81,321.68,666.82,12.63,238.97,0.50,189.93,6903.76,4675.46,5789.61
Blink B,1,44,235987701,236486602,498901
Fixation B,1,239,236486602,236553222,66620,641.16,736.42,11,45,-1,128.50,118.00
Saccade B,1,254,236553222,236619812,66590,633.02,668.78,691.78,720.92,5.69,108.76,0.50,85.49,4769.14,375.46,2572.30
Fixation B,1,240,236619812,236686218,66406,687.65,679.72,9,24,-1,125.50,116.00
Saccade B,1,255,236686218,236786102,99884,677.86,648.43,392.03,541.02,15.36,378.10,0.50,153.73,10111.82,332.78,3808.08
Fixation B,1,241,236786102,236852600,66498,348.13,469.77,18,13,-1,118.00,108.00
Saccade B,1,256,236852600,236919250,66650,354.16,452.84,266.65,438.36,4.58,122.46,0.50,68.75,3488.10,915.60,2201.85
Fixation B,1,242,236919250,237018981,99731,220.79,441.29,67,2,-1,114.33,103.00
Saccade B,1,257,237018981,237085601,66620,163.30,442.59,214.76,440.47,3.01,71.11,0.50,45.21,2704.47,2267.66,2486.06
Fixation B,1,243,237085601,237285217,199616,255.05,457.85,57,26,-1,122.33,109.50
Saccade B,1,258,237285217,237351867,66650,469.60,532.41,695.58,679.19,21.52,373.40,0.50,322.93,7765.35,3983.15,5874.25
Fixation B,1,244,237351867,237484863,132996,710.22,680.81,29,40,-1,130.25,118.25
Saccade B,1,259,237484863,237584716,99853,695.36,654.48,685.29,632.42,1.65,26.30,0.50,16.51,623.86,327.64,441.84
Fixation B,1,245,237584716,237684600,99884,683.67,608.68,5,9,-1,132.00,115.33
Saccade B,1,260,237684600,237751129,66529,685.16,600.33,645.79,472.22,6.40,185.71,0.50,96.27,5438.77,97.01,2767.89
Fixation B,1,246,237751129,237850982,99853,576.55,403.73,45,20,-1,130.00,99.00
Saccade B,1,261,237850982,237917510,66528,626.82,395.77,567.72,371.99,4.08,88.28,0.50,61.38,3644.11,339.65,1991.88
Fixation B,1,247,237917510,238083923,166413,621.52,384.76,59,42,-1,133.80,100.40
Saccade B,1,262,238083923,238150360,66437,655.78,413.58,690.26,388.19,2.46,59.44,0.50,37.04,1697.62,149.77,923.70
Fixation B,1,248,238150360,238250244,99884,696.77,412.71,7,29,-1,135.33,105.33
Saccade B,1,263,238250244,238350097,99853,708.35,444.70,730.30,485.50,3.02,32.74,0.50,30.23,205.59,128.40,167.00
Fixation B,1,249,238350097,238583038,232941,727.46,524.08,26,26,-1,129.57,115.86
Saccade B,1,264,238583038,238649597,66559,710.17,527.67,703.82,524.49,0.52,9.86,0.50,7.81,279.93,218.01,248.97
Fixation B,1,250,238649597,238949005,299408,696.82,538.25,27,34,-1,129.89,114.67
Saccade B,1,265,238949005,239048858,99853,667.35,575.83,884.24,591.52,10.92,159.85,0.50,109.40,4683.34,378.27,1934.93
Fixation B,1,251,239048858,239115600,66742,860.61,597.88,30,3,-1,128.50,122.50
Saccade B,1,266,239115600,239248504,132904,983.97,634.24,1035.98,648.74,19.34,302.87,0.50,145.48,10412.90,1804.62,4980.55
Fixation B,1,252,239248504,239381805,133301,983.03,623.42,90,50,-1,119.75,120.00
Saccade B,1,267,239381805,239448089,66284,757.55,585.34,389.37,634.03,25.80,517.96,0.50,389.23,8097.57,7214.77,7656.17
Saccade B,1,268,239481536,239747741,266205,362.88,645.54,466.10,680.89,30.63,121.70,0.50,115.08,14262.62,54.48,4432.68
Saccade B,1,269,239780883,239847595,66712,448.95,689.98,345.72,718.92,5.84,148.15,0.50,87.57,3654.34,2828.77,3241.55
Fixation B,1,253,239847595,239914001,66406,399.52,731.84,3,20,-1,130.00,119.50
Blink B,1,45,239980712,240147003,166291
Fixation B,1,254,240147003,240246765,99762,686.52,743.02,8,83,-1,131.67,124.33
Saccade B,1,270,240246765,240313385,66620,678.42,687.64,715.63,806.95,6.78,172.71,0.50,101.82,6099.36,202.92,3151.14
Fixation B,1,255,240313385,240479797,166412,714.72,811.44,30,47,-1,129.20,125.40
Saccade B,1,271,240479797,240546234,66437,716.43,790.97,710.04,761.03,2.74,42.49,0.50,41.28,1001.03,200.00,600.51
Blink B,1,46,240579681,240779235,199554
Fixation B,1,256,240812499,241078613,266114,678.91,727.15,15,33,-1,132.88,124.25
Saccade B,1,272,241078613,241145233,66620,664.72,704.49,667.10,737.31,2.67,45.43,0.50,40.06,2384.51,1141.50,1763.01
Saccade B,1,273,241178497,241245117,66620,672.90,720.49,576.54,645.03,5.72,169.60,0.50,85.89,5076.76,610.22,2843.49
Saccade B,1,274,241278381,241344848,66467,559.10,627.40,476.42,615.83,6.15,115.68,0.50,92.48,3262.59,3143.88,3203.24
Fixation B,1,257,241344848,241411621,66773,489.84,604.58,6,2,-1,134.50,124.00
Saccade B,1,275,241411621,241477996,66375,449.67,573.83,387.17,516.60,6.31,117.76,0.50,95.14,2359.17,1421.41,1890.29
Fixation B,1,258,241477996,241710876,232880,487.54,503.26,149,12,-1,132.00,117.43
Saccade B,1,276,241710876,241777496,66620,589.91,498.48,440.34,470.79,8.25,210.19,0.50,123.79,7414.65,182.63,3798.64
Fixation B,1,259,241777496,241843994,66498,404.25,460.74,50,7,-1,124.00,113.00
Saccade B,1,277,241843994,241910614,66620,343.88,453.65,111.90,415.07,14.81,325.87,0.50,222.38,6268.05,5690.66,5979.36
Saccade B,1,278,241943847,242077026,133179,88.37,424.52,-273.99,598.01,28.75,151.46,0.50,215.90,12957.44,791.75,5516.09
Saccade B,1,279,242110260,242176757,66497,-140.10,582.53,54.38,541.47,15.36,274.93,0.50,230.93,15938.66,2715.21,9326.93
Saccade B,1,280,242209991,242343109,133118,245.29,518.32,301.06,530.57,24.12,367.95,0.50,181.16,15232.61,1655.22,7540.07
Saccade B,1,281,242376373,242476257,99884,352.23,537.74,330.49,547.42,10.27,133.73,0.50,102.83,7112.95,1416.68,4880.49
Fixation B,1,260,242476257,242576141,99884,434.94,576.44,93,29,-1,129.33,123.00
Saccade B,1,282,242576141,242642639,66498,532.79,599.93,461.94,602.28,5.67,98.33,0.50,85.29,5105.88,322.07,2713.97
Fixation B,1,261,242642639,242775756,133117,592.61,621.77,169,12,-1,131.50,120.00
Saccade B,1,283,242775756,242975463,199707,571.38,608.40,294.54,635.71,30.47,336.71,0.50,152.60,12087.50,324.37,6221.01
Fixation B,1,262,242975463,243208374,232911,470.25,598.71,325,61,-1,126.14,119.86
Saccade B,1,284,243208374,243274871,66497,653.47,572.33,466.19,581.32,10.18,259.57,0.50,153.02,9191.94,298.51,4745.23
Fixation B,1,263,243274871,243441253,166382,561.46,586.51,140,12,-1,132.20,115.20
Saccade B,1,285,243441253,243574371,133118,656.57,599.90,410.63,625.02,15.52,343.11,0.50,116.57,11580.92,247.20,5318.59
Fixation B,1,264,243574371,244173248,598877,622.17,555.55,225,66,-1,134.83,118.17
Saccade B,1,286,244173248,244239868,66620,667.97,557.62,662.36,576.37,1.46,27.02,0.50,21.90,360.68,353.17,356.93
Fixation B,1,265,244239868,244306365,66497,650.02,594.11,4,19,-1,139.50,118.00
Saccade B,1,287,244306365,244373016,66651,616.31,621.10,588.13,653.73,3.64,59.73,0.50,54.62,1097.75,649.13,873.44
Saccade B,1,288,244406249,244472747,66498,580.52,616.57,563.60,695.48,4.20,111.51,0.50,63.16,3044.62,2072.93,2558.78
Fixation B,1,266,244472747,244539550,66803,569.64,680.86,9,16,-1,135.00,115.00
Blink B,1,47,244539550,245005249,465699
Fixation B,1,267,245005249,245071746,66497,599.96,669.52,24,14,-1,138.00,109.00
Saccade B,1,289,245071746,245138244,66498,618.71,680.45,411.68,687.13,9.88,287.03,0.50,148.63,8894.24,887.46,4890.85
Blink B,1,48,245171661,245471008,299347
Saccade B,1,290,245504364,245570861,66497,489.67,660.68,377.11,679.08,10.49,158.04,0.50,157.75,9465.55,514.70,4990.13
Saccade B,1,291,245604125,245737213,133088,360.36,667.51,485.63,653.57,18.45,191.19,0.50,138.62,9810.96,924.58,6063.99
Saccade B,1,292,245770507,245837127,66620,426.06,654.84,181.41,669.76,14.03,338.71,0.50,210.60,7683.79,6883.51,7283.65
Blink B,1,49,245837127,246169860,332733
Fixation B,1,268,246169860,246269622,99762,279.94,629.46,163,29,-1,116.33,124.67
Blink B,1,50,246269622,246602386,332764
Fixation B,1,269,246635864,246868621,232757,771.01,638.47,124,22,-1,128.43,114.14
Saccade B,1,293,246868621,246935119,66498,757.64,636.06,672.51,607.30,7.26,124.51,0.50,109.11,3402.02,1006.82,2204.42
Saccade B,1,294,247001739,247101501,99762,698.46,771.29,601.97,503.56,20.90,268.06,0.50,209.47,14804.15,4760.23,9294.40
Fixation B,1,270,247101501,247234619,133118,586.90,500.31,3,2,-1,133.75,112.25
Saccade B,1,295,247234619,247301239,66620,586.94,505.32,589.14,512.92,0.64,10.96,0.50,9.57,263.97,161.61,212.79
Blink B,1,51,247301239,247600616,299377
Fixation B,1,271,247600616,247700500,99884,547.16,524.47,7,4,-1,119.00,100.00
Saccade B,1,296,247733734,247800384,66650,555.21,523.53,548.22,514.02,0.90,16.36,0.50,13.47,625.59,388.50,507.04
Fixation B,1,272,247800384,247866912,66528,548.09,515.10,0,0,-1,117.00,96.50
Blink B,1,52,247866912,248232879,365967
Fixation B,1,273,248266265,248365997,99732,579.06,501.14,4,2,-1,111.00,90.67
Blink B,1,53,248365997,248698730,332733
Fixation B,1,274,248698730,248898376,199646,628.80,415.71,5,2,-1,109.33,84.50
Saccade B,1,297,248898376,248998260,99884,632.27,416.78,603.46,531.69,5.81,159.70,0.50,58.20,4779.89,44.44,3177.96
Fixation B,1,275,248998260,249197875,199615,607.44,521.10,4,8,-1,113.67,95.17
Saccade B,1,298,249197875,249264495,66620,607.01,516.01,612.52,512.18,0.39,9.30,0.50,5.80,298.93,99.81,199.37
Saccade B,1,299,249297760,249364227,66467,624.23,508.67,712.76,493.30,4.71,124.62,0.50,70.81,3259.21,524.14,1891.68
Fixation B,1,276,249364227,249497375,133148,714.65,486.59,1,4,-1,109.00,94.75
Saccade B,1,300,249497375,249563995,66620,715.01,485.69,687.66,483.73,1.34,38.03,0.50,20.07,1152.76,138.67,645.71
Fixation B,1,277,249563995,250063110,499115,687.99,487.07,7,8,-1,113.07,93.27
Saccade B,1,301,250063110,250129638,66528,615.14,495.65,325.93,539.82,16.93,405.41,0.50,254.45,9077.61,3232.32,6154.97
Blink B,1,54,250129638,250528869,399231
Fixation B,1,278,250528869,250661987,133118,177.12,622.23,34,10,-1,109.75,110.00
Blink B,1,55,250695251,250994750,299499
Fixation B,1,279,250994750,251061370,66620,1148.67,461.19,17,4,-1,103.00,95.00
Blink B,1,56,251061370,251394134,332764
Fixation B,1,280,251394134,251460632,66498,666.67,517.02,35,13,-1,117.50,98.50
Saccade B,1,302,251460632,251527252,66620,625.40,537.89,543.17,565.90,5.28,120.49,0.50,79.29,2517.72,505.88,1511.80
Fixation B,1,281,251527252,251660247,132995,512.85,579.50,25,12,-1,118.00,103.50
Saccade B,1,303,251660247,251726867,66620,503.56,578.74,507.63,604.91,1.32,36.58,0.50,19.75,1180.20,199.95,690.07
Fixation B,1,282,251726867,251893249,166382,515.08,595.16,3,21,-1,117.80,105.60
Saccade B,1,304,251893249,251959838,66589,510.90,593.80,492.90,602.38,1.29,27.60,0.50,19.38,567.82,453.49,510.65
Saccade B,1,305,251993011,252059631,66620,487.53,599.52,395.99,607.49,4.56,126.97,0.50,68.45,3510.82,434.08,1972.45
Fixation B,1,283,252059631,252359130,299499,402.62,600.74,15,15,-1,114.00,107.90
Saccade B,1,306,252359130,252425628,66498,408.91,609.75,590.21,613.74,8.79,251.53,0.50,132.17,7216.43,398.93,3807.68
Fixation B,1,284,252425628,252691894,266266,589.47,611.42,7,5,-1,122.38,109.75
Saccade B,1,307,252691894,252825012,133118,579.65,620.85,568.78,630.11,1.10,9.44,0.50,8.24,223.66,93.57,151.39
Fixation B,1,285,252825012,253224243,399231,539.70,646.07,13,12,-1,122.17,111.08
Saccade B,1,308,253224243,253290771,66528,548.95,648.03,552.35,640.81,0.63,11.04,0.50,9.42,497.81,348.30,423.05
Fixation B,1,286,253290771,253390655,99884,558.57,645.71,6,4,-1,122.00,110.33
Saccade B,1,309,253390655,253457122,66467,566.07,655.65,566.83,645.00,0.88,14.81,0.50,13.27,759.75,124.86,442.30
Saccade B,1,310,253490509,253557006,66497,569.45,646.45,569.34,653.55,0.51,9.84,0.50,7.68,446.16,347.81,396.98
Fixation B,1,287,253557006,254022888,465882,561.24,662.10,16,12,-1,119.29,109.50
Saccade B,1,311,254022888,254122650,99762,546.38,664.91,535.09,672.15,1.04,12.10,0.50,10.38,346.22,77.13,218.54
Fixation B,1,288,254122650,254322387,199737,517.41,677.34,22,11,-1,117.33,107.17
Saccade B,1,312,254322387,254388885,66498,506.62,676.22,490.49,667.26,0.90,25.56,0.50,13.50,727.97,100.40,414.18
Saccade B,1,313,254422149,254488769,66620,489.17,663.60,484.47,628.46,1.69,48.69,0.50,25.38,1439.89,206.57,823.23
Fixation B,1,289,254488769,254655120,166351,489.83,628.15,13,2,-1,115.40,106.00
Saccade B,1,314,254655120,254721649,66529,497.28,628.45,504.70,628.55,0.37,10.28,0.50,5.59,307.30,177.50,242.40
Fixation B,1,290,254721649,254821502,99853,508.78,624.45,7,6,-1,113.00,103.67
Saccade B,1,315,254821502,254921295,99793,517.60,615.41,526.75,611.95,0.88,10.33,0.50,8.86,317.65,176.18,264.88
Fixation B,1,291,254921295,255121002,199707,542.29,618.91,11,10,-1,113.67,101.83
Saccade B,1,316,255121002,255187591,66589,530.93,621.02,462.46,624.15,3.97,94.98,0.50,59.59,2136.26,857.11,1496.69
Fixation B,1,292,255187591,255320648,133057,474.17,621.52,14,11,-1,110.25,101.75
Saccade B,1,317,255320648,255387145,66497,623.45,580.70,944.18,563.74,22.28,445.47,0.50,335.04,7296.62,6811.36,7053.99
Fixation B,1,293,255387145,255453765,66620,1149.89,542.21,24,15,-1,93.50,85.00
Saccade B,1,318,255453765,255553527,99762,1030.17,516.94,863.46,496.81,12.76,157.76,0.50,127.87,3472.78,236.52,2072.55
Fixation B,1,294,255553527,255653381,99854,796.79,499.58,26,3,-1,109.33,91.33
Saccade B,1,319,255653381,255719879,66498,748.11,502.57,490.57,536.37,13.75,359.60,0.50,206.70,9190.88,1492.73,5341.81
Fixation B,1,295,255719879,255819793,99914,433.55,568.23,117,8,-1,106.67,95.00
Saccade B,1,320,255819793,255919647,99854,374.61,599.70,336.54,622.90,15.66,178.24,0.50,156.83,8882.79,892.61,6031.93
Fixation B,1,296,255919647,256152526,232879,444.91,564.61,93,46,-1,115.29,95.43
Saccade B,1,321,256152526,256219024,66498,444.35,543.22,502.81,558.77,3.13,83.89,0.50,47.05,2606.03,94.28,1350.15
Saccade B,1,322,256285644,256352203,66559,566.46,583.81,900.64,821.15,25.01,568.49,0.50,375.82,11736.70,5728.24,8732.47
Saccade B,1,323,256618408,256684875,66467,124.63,1349.96,2659.36,2607.72,131.52,3924.66,0.50,1978.72,118225.90,54804.09,86515.00
Saccade B,1,324,256751617,256818023,66406,2162.08,4583.64,754.11,420.24,361.74,6112.58,0.50,5447.45,328642.41,142849.59,235746.00
Fixation B,1,297,257250640,257350402,99762,264.98,382.42,72,56,-1,104.00,79.00
Saccade B,1,325,257350402,257417022,66620,313.39,402.77,392.74,420.01,6.76,112.21,0.50,101.43,1675.55,1136.52,1406.03
Fixation B,1,298,257417022,257550140,133118,491.61,463.01,89,46,-1,123.50,104.00
Saccade B,1,326,257550140,257616638,66498,522.37,489.00,403.32,464.10,6.08,168.06,0.50,91.46,4648.67,1438.44,3043.56
Fixation B,1,299,257616638,257749786,133148,424.65,474.91,45,11,-1,118.50,101.75
Saccade B,1,327,257749786,257816253,66467,453.58,484.64,628.85,586.17,9.67,280.93,0.50,145.49,8152.32,165.78,4159.05
Fixation B,1,300,257816253,257982604,166351,671.98,603.90,6,12,-1,125.80,111.20
Saccade B,1,328,257982604,258049255,66651,660.79,599.08,625.02,604.73,2.01,50.14,0.50,30.12,1226.22,121.68,673.95
Fixation B,1,301,258049255,258149017,99762,605.97,609.77,16,6,-1,125.33,111.00
Blink B,1,57,258149017,258548400,399383
Fixation B,1,302,258548400,258781311,232911,1249.72,512.04,23,41,-1,98.57,99.00
Blink B,1,58,258814636,259114044,299408
Fixation B,1,303,259114044,259446594,332550,396.26,524.22,96,46,-1,111.40,99.70
Saccade B,1,329,259446594,259513214,66620,431.53,526.77,436.89,537.05,0.82,16.08,0.50,12.26,387.02,312.81,349.92
Fixation B,1,304,259513214,259746093,232879,464.22,550.67,45,12,-1,111.00,97.29
Saccade B,1,330,259746093,259846008,99915,491.10,548.96,238.21,672.47,13.40,370.25,0.50,134.08,10541.43,179.99,3863.58
Fixation B,1,305,259846008,259978973,132965,247.61,670.03,25,10,-1,102.25,102.50
Blink B,1,59,259978973,260311767,332794
Fixation B,1,306,260311767,260444824,133057,540.49,599.41,11,12,-1,112.75,99.00
Saccade B,1,331,260478210,260577972,99762,513.86,608.57,485.66,615.42,1.78,22.29,0.50,17.86,295.77,144.62,200.33
Fixation B,1,307,260577972,260677856,99884,464.49,619.65,12,3,-1,110.33,102.67
Fixation B,1,308,260711090,260777648,66558,652.91,710.75,322,134,-1,78.00,73.50
Saccade B,1,332,260977386,261043945,66559,1498.19,1544.61,1298.24,1406.82,11.51,334.03,0.50,172.88,88697.53,10318.70,49508.12
Saccade B,1,333,261110351,261177001,66650,1917.81,6388.06,-1159.68,-2475.57,667.98,12918.44,0.50,10022.20,596878.09,214217.94,405548.01
Saccade B,1,334,261343383,261409851,66468,-7519.48,-9185.83,1394.60,127.92,645.24,17897.37,0.50,9707.46,584496.85,442690.19,513593.52
Saccade B,1,335,261443115,261509735,66620,716.51,1647.96,-2724.88,5922.03,253.95,7575.99,0.50,3811.99,225930.19,67985.37,146957.78
Saccade B,1,336,261576232,261642852,66620,-30114.91,-39273.80,713.63,1577.92,4699.60,70915.96,0.50,70543.43,4241299.94,2044730.23,3143015.08
Saccade B,1,337,261709350,261775848,66498,638.64,180.13,720.06,1579.87,65.67,1942.89,0.50,987.59,57910.94,835.29,29373.11
Saccade B,1,338,261909118,261975769,66651,621.70,163.64,78.65,984.25,46.14,1362.30,0.50,692.32,41460.07,1557.94,21509.01
Saccade B,1,339,262042846,262108886,66040,-127.34,1073.80,753.47,875.77,42.10,1269.62,0.50,637.49,38799.22,464.64,19631.93
Fixation B,1,309,262241943,262341827,99884,332.25,406.75,145,179,-1,73.33,66.00
Saccade B,1,340,262408264,262474884,66620,199.89,445.12,-48.79,473.25,21.48,345.52,0.50,322.39,11849.87,1516.51,6683.19
Saccade B,1,341,262508117,262641296,133179,142.97,429.19,262.05,402.54,15.96,189.56,0.50,119.80,8072.22,1590.10,3943.88
Fixation B,1,310,262641296,262874084,232788,346.58,402.48,122,16,-1,108.88,90.25
