Blink B,1,1,1782926727,1783059844,133117
Fixation B,1,1,1783093139,1783326080,232941,666.24,593.34,13,16,-1,127.57,108.29
Saccade B,1,1,1783326080,1783425903,99823,670.40,589.52,685.75,556.08,2.61,60.76,0.50,26.14,2129.09,104.34,1325.38
Fixation B,1,2,1783425903,1783692199,266296,703.86,545.41,20,21,-1,125.63,110.63
Saccade B,1,2,1783692199,1783792175,99976,718.79,556.40,374.38,516.00,16.17,249.37,0.50,161.74,7668.74,170.38,2805.18
Fixation B,1,3,1783792175,1784025024,232849,375.85,545.37,82,39,-1,121.29,113.14
Saccade B,1,3,1784025024,1784091583,66559,420.93,565.64,634.90,534.70,10.35,300.39,0.50,155.53,8738.47,492.45,4615.46
Fixation B,1,4,1784091583,1784191314,99731,772.12,524.55,12,6,-1,124.33,111.00
Saccade B,1,4,1784191314,1784324432,133118,745.12,516.87,771.52,462.00,5.27,96.91,0.50,39.61,3203.53,434.93,1847.86
Fixation B,1,5,1784324432,1784790466,466034,709.36,477.41,73,24,-1,130.36,107.86
Saccade B,1,5,1784790466,1784857055,66589,729.55,459.93,873.07,393.14,9.50,219.57,0.50,142.74,4647.11,2017.06,3332.09
Fixation B,1,6,1784857055,1784923492,66437,841.35,382.82,25,9,-1,125.50,96.50
Blink B,1,2,1784923492,1785222961,299469
Fixation B,1,7,1785256195,1785355926,99731,824.61,844.72,43,48,-1,127.67,117.00
Saccade B,1,6,1785355926,1785422576,66650,796.78,822.24,784.66,970.80,8.60,205.79,0.50,128.98,7632.96,1349.63,4491.29
Fixation B,1,8,1785422576,1785522338,99762,743.36,892.04,7,22,-1,128.00,125.33
Saccade B,1,7,1785522338,1785589050,66712,754.85,907.46,744.35,839.71,4.66,94.74,0.50,69.92,4131.33,2058.19,3094.76
Fixation B,1,9,1785589050,1785688842,99792,763.68,846.66,29,4,-1,132.00,120.33
Saccade B,1,8,1785688842,1785755310,66468,788.46,851.39,770.94,816.64,2.37,53.98,0.50,35.63,2089.48,838.89,1464.18
Fixation B,1,10,1785755310,1785888458,133148,825.51,822.28,87,16,-1,131.75,111.50
Saccade B,1,9,1785888458,1785988189,99731,903.11,826.21,848.55,779.96,5.02,76.64,0.50,50.37,3545.04,381.02,1935.74
Fixation B,1,11,1785988189,1786221191,233002,846.37,755.96,3,13,-1,133.29,122.57
Saccade B,1,10,1786221191,1786321075,99884,838.32,744.41,835.21,761.79,1.38,17.99,0.50,13.84,989.56,349.79,639.82
Fixation B,1,12,1786321075,1786420989,99914,830.32,789.04,12,11,-1,131.67,120.33
Saccade B,1,11,1786420989,1786487335,66346,809.20,781.39,797.20,805.56,2.14,37.60,0.50,32.22,1555.33,756.78,1156.06
Fixation B,1,13,1786487335,1786587341,100006,778.54,805.35,9,39,-1,132.67,114.33
Saccade B,1,12,1786587341,1786753570,166229,764.83,819.97,733.65,855.67,14.31,202.38,0.50,86.11,6575.86,1692.60,4175.04
Fixation B,1,14,1786753570,1786853393,99823,736.43,815.03,6,81,-1,129.33,121.00
Saccade B,1,13,1786853393,1786919830,66437,664.45,775.36,435.62,591.08,16.89,404.17,0.50,254.29,9876.79,3758.54,6817.67
Fixation B,1,15,1786919830,1787186096,266266,472.55,510.12,167,26,-1,126.75,113.63
Blink B,1,3,1787186096,1787518829,332733
Fixation B,1,16,1787518829,1787618560,99731,1028.62,990.31,129,86,-1,136.00,97.67
Saccade B,1,14,1787618560,1787818176,199616,925.04,925.23,695.41,738.12,15.35,103.72,0.50,76.87,5044.80,1253.67,2541.36
Saccade B,1,15,1787851562,1787984558,132996,675.71,819.37,558.24,367.08,394.01,346.88,0.50,2962.58,425466.87,3373.32,134003.19
Saccade B,1,16,1788017944,1788084442,66498,1585.94,-112.01,779.13,959.72,113.91,1860.60,0.50,1713.04,232969.85,100046.16,166508.01
Saccade B,1,17,1788150939,1788284088,133149,779.13,959.72,779.13,959.72,115.63,2013.85,0.50,868.44,70034.46,0.00,50361.14
Saccade B,1,18,1788417205,1788550292,133087,91881.16,70335.06,0.00,0.00,9346.78,163939.93,0.50,70230.63,9756705.14,497096.44,4167415.05
Saccade B,1,19,1788650177,1788716674,66497,779.13,959.72,-1287.63,9417.25,400.76,12053.54,0.50,6026.77,1257941.36,362033.50,809987.43
Saccade B,1,20,1790979553,1791045959,66406,-66.22,1541.17,406.63,1443.52,43.92,670.90,0.50,661.35,44234.18,39873.88,42054.03
Saccade B,1,21,1791145874,1791212341,66467,408.88,1437.56,-38.37,1522.12,40.73,631.31,0.50,612.72,36868.78,35293.41,36081.10
Saccade B,1,22,1791245605,1791378753,133148,-47.68,1526.48,380.40,1015.10,38.79,962.77,0.50,291.32,28653.96,689.28,14819.46
Saccade B,1,23,1791411987,1791545196,133209,477.22,957.95,416.92,884.40,15.89,183.84,0.50,119.29,8634.57,3084.19,6462.00
Blink B,1,4,1791578582,1792044342,465760
Fixation B,1,17,1792044342,1792110931,66589,387.94,992.20,32,26,-1,122.00,105.50
Saccade B,1,24,1792110931,1792177459,66528,461.51,992.88,360.58,965.76,7.52,144.82,0.50,113.04,6616.88,1932.82,4274.85
Blink B,1,5,1792210693,1792310607,99914
Blink B,1,6,1792410461,1792543457,132996
Blink B,1,7,1792676574,1792809722,133148
Blink B,1,8,1792842956,1792942840,99884
Fixation B,1,18,1792976104,1793109191,133087,333.41,737.15,42,34,-1,128.00,120.25
Saccade B,1,25,1793142456,1793209167,66711,332.93,654.29,422.49,966.55,17.23,450.13,0.50,258.32,15344.93,1282.25,8313.59
Fixation B,1,19,1793209167,1793275695,66528,468.26,1065.12,48,60,-1,121.50,100.00
Saccade B,1,26,1793275695,1793441955,166260,545.17,987.92,245.06,791.64,34.49,494.64,0.50,207.44,17641.11,591.33,8766.88
Saccade B,1,27,1793508453,1793575073,66620,471.78,1013.60,625.07,690.87,28.56,493.28,0.50,428.67,23408.91,10809.59,17109.25
Fixation B,1,20,1793608337,1793708221,99884,850.47,702.52,37,17,-1,129.67,120.67
Blink B,1,9,1793708221,1793807983,99762
Fixation B,1,21,1793807983,1793941162,133179,615.71,644.52,22,49,-1,129.25,115.75
Saccade B,1,28,1793941162,1794007568,66406,589.46,634.30,734.15,633.81,7.49,201.05,0.50,112.75,6794.73,1580.16,4187.45
Fixation B,1,22,1794007568,1794173950,166382,691.80,657.22,168,41,-1,127.60,110.40
Saccade B,1,29,1794173950,1794240570,66620,593.00,660.86,558.77,718.71,4.05,92.80,0.50,60.73,3131.02,1481.56,2306.29
Fixation B,1,23,1794240570,1794307067,66497,589.27,696.42,57,1,-1,127.00,116.00
Saccade B,1,30,1794307067,1794406951,99884,873.48,619.28,1203.29,518.04,28.82,473.45,0.50,288.52,14176.67,3118.90,8725.21
Fixation B,1,24,1794406951,1794573394,166443,1114.19,508.67,58,16,-1,112.00,107.80
Saccade B,1,31,1794573394,1794639831,66437,1091.62,531.78,1097.51,551.17,1.47,28.15,0.50,22.18,390.81,154.42,272.62
Fixation B,1,25,1794639831,1794706604,66773,1089.82,569.72,12,18,-1,120.50,120.00
Saccade B,1,32,1794706604,1794773132,66528,918.18,593.55,572.74,557.11,24.25,481.79,0.50,364.50,7931.62,7321.34,7626.48
Fixation B,1,26,1794773132,1795039245,266113,534.59,543.67,324,44,-1,130.38,111.38
Saccade B,1,33,1795039245,1795105712,66467,721.87,543.49,992.14,505.02,14.29,377.92,0.50,215.03,9786.09,788.91,5287.50
Saccade B,1,34,1795138977,1795238830,99853,998.13,497.27,808.17,487.67,11.55,156.84,0.50,115.72,5083.07,1802.45,3054.54
Fixation B,1,27,1795238830,1795471710,232880,671.48,529.87,96,58,-1,131.14,100.29
Saccade B,1,35,1795471710,1795538421,66711,674.77,501.16,733.28,665.17,9.53,239.53,0.50,142.90,6493.66,2116.34,4305.00
Fixation B,1,28,1795538421,1795837829,299408,702.82,680.91,69,169,-1,131.44,106.78
Saccade B,1,36,1795837829,1795904327,66498,680.18,666.83,573.43,528.97,10.04,241.83,0.50,150.98,8343.41,1593.12,4968.26
Fixation B,1,29,1795904327,1796237274,332947,500.28,482.59,106,66,-1,127.80,105.90
Blink B,1,10,1796270324,1796536560,266236
Fixation B,1,30,1796569824,1796769500,199676,710.52,584.80,36,44,-1,131.67,109.83
Saccade B,1,37,1796769500,1796836090,66590,692.86,578.38,693.50,590.37,0.86,16.61,0.50,12.85,283.77,231.93,257.85
Fixation B,1,31,1796836090,1796902587,66497,693.02,590.15,0,2,-1,129.50,108.50
Saccade B,1,38,1796902587,1796969207,66620,692.87,590.79,692.04,575.66,0.79,21.00,0.50,11.91,715.80,200.53,458.16
Fixation B,1,32,1796969207,1797301940,332733,727.52,602.07,70,45,-1,127.80,114.30
Saccade B,1,39,1797301940,1797401702,99762,693.28,587.78,735.07,831.49,12.49,214.22,0.50,125.20,4836.37,529.20,2665.74
Fixation B,1,33,1797401702,1797501586,99884,746.19,829.94,19,38,-1,128.67,119.67
Saccade B,1,40,1797501586,1797568084,66498,761.93,853.67,758.98,815.19,1.99,53.47,0.50,29.85,1679.38,1612.61,1646.00
Fixation B,1,34,1797568084,1797634704,66620,761.39,819.75,4,8,-1,130.50,122.50
Saccade B,1,41,1797634704,1797734466,99762,767.39,820.61,400.38,1069.51,20.68,563.23,0.50,207.28,15390.29,508.23,5886.96
Saccade B,1,42,1797767852,1797834320,66468,234.39,936.58,313.22,891.79,6.39,125.76,0.50,96.19,10602.81,1806.32,6204.57
Saccade B,1,43,1797867584,1797934204,66620,347.70,937.27,337.52,860.12,6.07,107.63,0.50,91.13,5109.26,2233.34,3671.30
Fixation B,1,35,1797934204,1798100585,166381,382.21,768.52,167,99,-1,126.00,112.40
Saccade B,1,44,1798100585,1798267059,166474,447.37,621.95,616.23,543.63,17.83,175.21,0.50,107.11,4932.90,478.93,2512.14
Fixation B,1,36,1798267059,1798399963,132904,613.96,578.94,14,61,-1,139.25,109.25
Saccade B,1,45,1798399963,1798466583,66620,602.11,604.36,635.71,571.09,2.51,65.34,0.50,37.62,2170.08,532.78,1351.43
Fixation B,1,37,1798466583,1798699462,232879,555.25,489.85,127,102,-1,131.43,102.57
Saccade B,1,46,1798699462,1798799316,99854,448.99,443.18,898.26,479.27,22.64,445.32,0.50,226.74,8039.00,842.39,5302.62
Fixation B,1,38,1798799316,1798965698,166382,862.69,459.69,158,24,-1,120.00,88.20
Saccade B,1,47,1798965698,1799032196,66498,780.31,453.41,787.44,409.78,2.73,61.26,0.50,41.10,2026.21,420.74,1223.47
Fixation B,1,39,1799032196,1799132080,99884,749.96,425.11,31,26,-1,127.33,91.00
Saccade B,1,48,1799132080,1799231964,99884,722.76,456.18,582.09,456.15,7.50,105.69,0.50,75.06,2957.27,337.18,1478.97
Fixation B,1,40,1799231964,1799398376,166412,533.57,480.67,48,23,-1,120.60,86.80
Saccade B,1,49,1799398376,1799464965,66589,512.60,479.06,524.72,459.89,1.48,31.48,0.50,22.29,753.96,567.74,660.85
Fixation B,1,41,1799464965,1799697723,232758,582.99,454.22,112,14,-1,114.43,78.57
Saccade B,1,50,1799697723,1799764312,66589,647.81,462.13,670.94,471.81,1.70,34.65,0.50,25.57,625.51,399.86,512.68
Saccade B,1,51,1799797576,1799864288,66712,676.04,467.10,360.53,557.79,15.53,454.89,0.50,232.77,13379.07,929.67,7154.37
Fixation B,1,42,1799864288,1799930938,66650,311.66,597.33,39,29,-1,103.00,75.50
Saccade B,1,52,1799930938,1799997406,66468,347.21,568.09,426.90,560.22,4.65,110.76,0.50,70.03,2671.40,1197.35,1934.38
Fixation B,1,43,1799997406,1800097412,100006,443.44,530.96,55,40,-1,106.67,78.33
Saccade B,1,53,1800097412,1800197143,99731,459.02,511.07,770.92,465.48,14.90,418.68,0.50,149.45,12043.62,599.22,4477.86
Fixation B,1,44,1800197143,1800330169,133026,1042.54,588.16,52,90,-1,111.75,68.25
Saccade B,1,54,1800330169,1800430084,99915,990.56,611.36,634.74,534.61,20.64,465.28,0.50,206.58,12975.93,2033.98,5952.68
Blink B,1,11,1800463256,1800596557,133301
Saccade B,1,55,1800629699,1800696105,66406,556.54,639.16,550.06,554.62,6.80,118.46,0.50,102.34,5213.17,4583.47,4898.32
Blink B,1,12,1800729339,1800862548,133209
Fixation B,1,45,1800862548,1800929077,66529,473.93,633.67,47,2,-1,127.50,88.50
Saccade B,1,56,1800929077,1801028961,99884,417.77,625.58,494.81,738.31,13.27,217.27,0.50,132.84,9248.89,807.40,5687.95
Fixation B,1,46,1801028961,1801195220,166259,615.86,645.24,106,32,-1,132.20,89.80
Saccade B,1,57,1801195220,1801261718,66498,613.97,606.23,657.06,569.57,3.67,78.46,0.50,55.26,2551.62,209.66,1380.64
Fixation B,1,47,1801261718,1801461334,199616,639.11,512.79,29,42,-1,127.67,81.50
Saccade B,1,58,1801461334,1801561279,99945,618.20,479.29,975.55,442.50,17.91,457.37,0.50,179.24,12608.53,892.46,5025.21
Fixation B,1,48,1801594482,1801694335,99853,1112.82,410.81,71,126,-1,107.00,66.00
Blink B,1,13,1801694335,1802160095,465760
Saccade B,1,59,1802226715,1802293212,66497,267.63,467.74,594.29,487.41,21.64,453.90,0.50,325.42,15550.01,11737.41,13643.71
Fixation B,1,49,1802293212,1802459594,166382,664.71,596.78,136,81,-1,133.20,88.40
Blink B,1,14,1802459594,1802625946,166352
Fixation B,1,50,1802625946,1802725830,99884,475.80,503.16,41,24,-1,115.00,85.67
Blink B,1,15,1802725830,1803358093,632263
Blink B,1,16,1803391357,1803690826,299469
Fixation B,1,51,1803690826,1803757354,66528,852.41,510.34,20,21,-1,123.50,88.00
Saccade B,1,60,1803757354,1803890472,133118,794.50,664.12,791.85,752.96,17.20,263.62,0.50,129.18,7736.03,2228.54,4844.02
Fixation B,1,52,1803890472,1803990325,99853,770.71,738.65,37,35,-1,133.00,98.00
Saccade B,1,61,1803990325,1804056945,66620,754.84,765.55,797.83,838.90,4.84,117.82,0.50,72.68,2850.38,596.67,1723.53
Saccade B,1,62,1804090087,1804156829,66742,758.36,940.33,442.23,967.57,17.78,438.47,0.50,266.34,12033.71,1155.47,6594.59
Saccade B,1,63,1804356323,1804422851,66528,1766.10,-1880.97,1326.04,1206.92,242.25,4322.11,0.50,3641.30,1502668.09,213658.19,858163.14
Saccade B,1,64,1805088348,1805154968,66620,736.09,1046.40,676.56,836.40,12.58,301.35,0.50,188.80,57373.48,7673.33,32523.40
Fixation B,1,53,1805154968,1805487731,332763,719.10,739.38,21,112,-1,131.10,113.90
Saccade B,1,65,1805487731,1805620941,133210,736.42,707.03,737.09,708.71,2.60,18.17,0.50,19.49,1632.32,213.13,824.53
Saccade B,1,66,1805654113,1805787200,133087,735.43,537.51,490.43,232.20,21.74,278.91,0.50,163.33,6552.53,2374.46,3986.63
Fixation B,1,54,1805787200,1805886962,99762,470.31,240.91,34,38,-1,129.00,77.00
Saccade B,1,67,1805886962,1805953704,66742,506.16,324.20,417.60,320.35,7.45,122.37,0.50,111.69,6003.65,1645.02,3824.34
Fixation B,1,55,1805953704,1806053344,99640,450.55,373.82,88,68,-1,126.67,92.67
Saccade B,1,68,1806053344,1806153198,99854,544.95,432.84,140.87,448.29,21.18,461.40,0.50,212.06,10914.79,292.52,5402.61
Fixation B,1,56,1806153198,1806386077,232879,169.74,476.43,123,33,-1,117.00,97.43
Saccade B,1,69,1806386077,1806452850,66773,214.44,497.11,190.50,510.46,1.94,37.84,0.50,29.01,1656.58,468.81,1062.69
Fixation B,1,57,1806452850,1806552459,99609,198.68,528.74,23,19,-1,114.00,94.67
Saccade B,1,70,1806585876,1806685577,99701,193.04,544.89,857.08,476.45,31.07,497.36,0.50,311.67,13099.68,249.21,5461.46
Fixation B,1,58,1806685577,1806785461,99884,858.68,499.58,71,12,-1,113.67,87.00
Saccade B,1,71,1806785461,1806851959,66498,721.90,519.34,621.60,559.18,9.20,149.55,0.50,138.32,1211.94,1022.04,1116.99
Fixation B,1,59,1806851959,1806918579,66620,528.83,549.39,35,13,-1,127.50,91.00
Blink B,1,17,1806918579,1807118255,199676
Fixation B,1,60,1807118255,1807251342,133087,555.84,637.02,9,8,-1,120.00,91.25
Saccade B,1,72,1807251342,1807317840,66498,565.42,634.97,559.29,641.67,0.67,12.59,0.50,10.07,527.97,212.78,370.37
Fixation B,1,61,1807317840,1807417724,99884,556.67,639.70,3,12,-1,116.00,91.00
Saccade B,1,73,1807417724,1807484222,66498,562.53,627.65,570.68,653.48,1.61,37.55,0.50,24.23,1371.15,189.46,780.30
Fixation B,1,62,1807484222,1807717224,233002,598.56,643.48,39,42,-1,115.43,87.29
Saccade B,1,74,1807717224,1807783721,66497,608.95,615.30,612.04,591.97,1.51,32.55,0.50,22.64,595.09,430.16,512.63
Fixation B,1,63,1807783721,1807850219,66498,610.81,605.54,8,16,-1,117.50,89.50
Saccade B,1,75,1807850219,1807917053,66834,622.47,637.53,727.91,854.64,13.04,333.52,0.50,195.09,8373.53,2356.26,5364.89
Saccade B,1,76,1808415954,1808549163,133209,1753.43,568.99,768.19,1533.84,7533.80,52702.60,0.50,56556.20,5285428.87,35282.19,2849995.84
Fixation B,1,64,1808881835,1808948333,66498,673.81,541.15,79,9,-1,40.00,29.50
Saccade B,1,77,1808948333,1809015014,66681,607.28,468.62,583.35,313.59,11.03,217.17,0.50,165.38,4239.62,3226.01,3732.82
Fixation B,1,65,1809015014,1809181335,166321,616.69,400.05,62,185,-1,127.00,95.00
Saccade B,1,78,1809181335,1809247863,66528,628.52,510.18,534.13,512.61,5.49,130.84,0.50,82.45,3418.67,1298.37,2358.52
Fixation B,1,66,1809247863,1809347717,99854,551.46,547.62,21,22,-1,130.33,109.67
Saccade B,1,79,1809347717,1809414215,66498,565.35,572.84,563.22,613.17,2.59,55.87,0.50,38.99,1043.08,561.12,802.10
Fixation B,1,67,1809414215,1809613861,199646,548.16,612.49,27,19,-1,123.17,110.00
Saccade B,1,80,1809613861,1809680572,66711,535.19,619.79,512.84,615.39,1.10,31.47,0.50,16.48,967.20,361.11,664.16
Fixation B,1,68,1809680572,1809846832,166260,504.25,614.00,3,3,-1,115.80,105.00
Saccade B,1,81,1809846832,1809913330,66498,503.64,617.45,495.17,616.71,0.51,11.78,0.50,7.61,276.21,164.91,220.56
Blink B,1,18,1809913330,1810612121,698791
Fixation B,1,69,1810612121,1810745208,133087,535.68,582.26,18,7,-1,113.25,98.75
Saccade B,1,82,1810745208,1810845184,99976,548.52,577.82,563.74,579.35,0.93,14.26,0.50,9.32,229.71,178.51,212.51
Fixation B,1,70,1810845184,1811909851,1064667,573.14,572.26,12,14,-1,122.15,104.52
Saccade B,1,83,1811909851,1811976470,66619,580.42,577.30,575.41,581.50,0.45,9.02,0.50,6.82,361.23,112.01,236.62
Saccade B,1,84,1812009735,1812109619,99884,572.18,580.71,543.96,596.73,3.11,56.25,0.50,31.17,2385.41,190.49,1372.80
Fixation B,1,71,1812142852,1813141143,998291,540.52,580.32,9,15,-1,128.77,112.61
Saccade B,1,85,1813141143,1813207580,66437,543.09,577.73,545.87,570.20,0.44,11.14,0.50,6.67,348.05,148.33,248.19
Fixation B,1,72,1813207580,1813407348,199768,547.58,545.27,8,51,-1,127.17,106.33
Saccade B,1,86,1813407348,1813473846,66498,579.44,523.41,621.45,582.89,4.67,101.00,0.50,70.26,2351.08,1219.14,1785.11
Fixation B,1,73,1813473846,1813574340,100494,632.22,518.19,4,81,-1,129.00,105.33
Saccade B,1,87,1813574340,1813673461,99121,631.21,439.01,498.10,401.04,8.15,100.54,0.50,82.20,2770.48,357.02,1239.21
Fixation B,1,74,1813673461,1813839843,166382,479.13,387.15,29,5,-1,121.20,94.40
Saccade B,1,88,1813839843,1813906463,66620,456.98,393.18,506.03,382.13,2.74,69.56,0.50,41.19,2466.50,169.74,1318.12
Fixation B,1,75,1813906463,1814139343,232880,536.07,395.91,11,16,-1,124.43,97.14
Saccade B,1,89,1814139343,1814205841,66498,541.57,401.98,535.10,407.32,0.51,11.64,0.50,7.74,299.99,91.50,195.75
Fixation B,1,76,1814205841,1814405609,199768,534.70,390.29,4,25,-1,125.50,98.67
Saccade B,1,90,1814405609,1814505340,99731,533.79,378.52,180.25,567.40,18.70,449.68,0.50,187.50,10404.47,115.73,4605.66
Fixation B,1,77,1814505340,1814605224,99884,206.33,556.85,52,18,-1,118.00,117.67
Saccade B,1,91,1814605224,1814671722,66498,195.29,579.04,-15.91,705.40,13.31,341.04,0.50,200.19,8512.96,2113.66,5313.31
Saccade B,1,92,1814705322,1814771606,66284,139.96,682.91,234.05,653.76,8.99,137.13,0.50,135.56,1547.76,481.68,1014.72
Fixation B,1,78,1814771606,1814838073,66467,354.67,640.76,75,28,-1,130.50,126.00
Saccade B,1,93,1814838073,1814937957,99884,440.18,613.51,558.86,623.23,7.78,113.49,0.50,77.93,1904.35,1329.52,1648.05
Fixation B,1,79,1814937957,1815204223,266266,646.75,595.91,97,96,-1,136.63,122.75
Saccade B,1,94,1815204223,1815303955,99732,688.52,521.92,813.97,558.53,7.59,112.02,0.50,76.15,3428.96,535.52,2257.29
Fixation B,1,80,1815303955,1815570220,266265,836.61,486.54,14,10,-1,120.38,113.25
Saccade B,1,95,1815570220,1815636871,66651,823.77,467.41,680.71,397.87,8.61,220.00,0.50,129.18,5752.45,1433.07,3592.76
Fixation B,1,81,1815636871,1815736602,99731,555.36,322.95,57,24,-1,128.33,88.67
Saccade B,1,96,1815736602,1815803070,66468,498.85,348.24,414.00,339.61,5.60,118.29,0.50,84.19,2411.90,816.09,1614.00
Fixation B,1,82,1815803070,1816036102,233032,392.73,486.51,11,169,-1,122.86,108.00
Blink B,1,19,1816069366,1816202453,133087
Fixation B,1,83,1816202453,1816402099,199646,671.83,713.89,42,60,-1,130.17,121.17
Saccade B,1,97,1816402099,1816468597,66498,677.59,691.53,649.87,653.30,2.51,65.49,0.50,37.73,1700.46,242.79,971.63
Fixation B,1,84,1816468597,1816668365,199768,550.51,665.50,214,44,-1,130.00,119.00
Saccade B,1,98,1816668365,1816734863,66498,322.52,533.33,303.26,379.50,13.97,215.03,0.50,210.14,4762.41,3746.80,4254.61
Fixation B,1,85,1816734863,1817167510,432647,460.46,402.51,331,106,-1,130.85,91.54
Saccade B,1,99,1817167510,1817233978,66468,636.23,522.96,618.16,410.39,9.91,157.27,0.50,149.08,8878.20,4198.85,6538.52
Fixation B,1,86,1817233978,1817333862,99884,633.10,395.92,10,23,-1,137.67,80.00
Saccade B,1,100,1817333862,1817400360,66498,622.60,371.53,610.56,344.65,2.17,40.84,0.50,32.57,592.66,397.97,495.32
Fixation B,1,87,1817400360,1817466827,66467,610.58,347.46,6,15,-1,137.00,76.00
Saccade B,1,101,1817466827,1817533477,66650,609.51,365.58,614.71,394.56,1.84,40.62,0.50,27.58,780.64,438.69,609.67
Fixation B,1,88,1817533477,1817599975,66498,611.42,398.88,1,0,-1,139.00,76.00
Saccade B,1,102,1817599975,1817666595,66620,616.41,406.03,658.29,409.62,2.34,58.29,0.50,35.08,1586.22,357.61,971.92
Fixation B,1,89,1817666595,1817766357,99762,634.07,423.38,34,11,-1,139.33,77.33
Saccade B,1,103,1817766357,1817866241,99884,612.37,501.29,571.53,433.31,7.47,116.98,0.50,74.74,6198.50,2556.39,4157.92
Fixation B,1,90,1817866241,1817966094,99853,525.35,432.54,28,1,-1,133.33,83.00
Saccade B,1,104,1817966094,1818032592,66498,509.17,428.86,474.65,388.88,2.64,73.19,0.50,39.68,2034.45,691.71,1363.08
Fixation B,1,91,1818032592,1818132476,99884,442.88,364.02,19,9,-1,133.33,79.00
Saccade B,1,105,1818132476,1818198974,66498,465.71,467.58,429.25,348.10,10.93,173.10,0.50,164.30,9878.25,4894.30,7386.28
Saccade B,1,106,1818232269,1818298828,66559,457.69,362.03,498.96,470.59,6.13,161.23,0.50,92.05,4362.06,70.52,2216.29
Fixation B,1,92,1818298828,1818398620,99792,489.22,379.14,41,16,-1,133.33,77.67
Saccade B,1,107,1818398620,1818465209,66589,498.98,409.71,534.08,561.46,8.30,216.02,0.50,124.61,5758.70,1307.86,3533.28
Fixation B,1,93,1818465209,1818565063,99854,487.80,488.01,19,9,-1,129.67,80.00
Blink B,1,20,1818631591,1818997589,365998
Fixation B,1,94,1819030883,1819330352,299469,517.52,401.15,111,234,-1,130.11,83.22
Saccade B,1,108,1819330352,1819397064,66712,595.88,535.42,576.50,435.36,8.38,141.23,0.50,125.65,7430.24,5134.53,6282.38
Blink B,1,21,1819397064,1819496856,99792
Saccade B,1,109,1819529998,1819596771,66773,455.17,375.77,466.42,478.53,5.71,143.38,0.50,85.48,4725.98,2933.40,3829.69
Fixation B,1,95,1819596771,1819829589,232818,417.70,447.46,58,34,-1,126.71,81.29
Saccade B,1,110,1819829589,1819896087,66498,411.33,403.21,398.09,367.17,3.05,53.26,0.50,45.85,1276.38,838.11,1057.25
Fixation B,1,96,1819896087,1819962585,66498,457.62,405.28,94,103,-1,128.50,76.00
Blink B,1,22,1819962585,1820328613,366028
Saccade B,1,111,1820395111,1820494964,99853,511.57,461.70,476.93,356.06,8.73,149.42,0.50,87.45,10141.48,4459.15,7231.44
Fixation B,1,97,1820494964,1820594848,99884,497.74,366.40,21,19,-1,133.00,86.67
Saccade B,1,112,1820594848,1820694610,99762,496.41,385.71,518.03,339.96,13.63,230.77,0.50,136.63,11963.69,678.15,5796.82
Fixation B,1,98,1820694610,1820927612,233002,450.33,351.39,145,43,-1,131.14,83.86
Saccade B,1,113,1820927612,1820994110,66498,361.42,395.25,327.08,400.89,2.96,48.10,0.50,44.48,770.73,446.54,608.64
Fixation B,1,99,1820994110,1821127227,133117,317.01,387.65,55,32,-1,126.75,89.00
Saccade B,1,114,1821127227,1821227111,99884,311.99,353.15,324.78,346.02,19.60,275.33,0.50,196.26,16310.13,2357.53,9110.40
Saccade B,1,115,1821260345,1821326843,66498,369.69,419.63,411.07,345.09,7.75,118.14,0.50,116.59,6551.59,3699.58,5125.59
Fixation B,1,100,1821326843,1821426727,99884,446.59,374.34,24,25,-1,131.00,89.33
Saccade B,1,116,1821426727,1821526458,99731,461.39,386.15,485.62,385.89,16.16,242.18,0.50,162.01,14468.99,667.57,7433.33
Fixation B,1,101,1821526458,1821759460,233002,564.80,459.88,40,14,-1,134.29,95.57
Saccade B,1,117,1821759460,1821825988,66528,590.94,459.69,563.61,406.52,3.33,82.53,0.50,50.07,2813.58,290.63,1552.10
Saccade B,1,118,1821859252,1821925842,66590,560.13,398.25,547.34,398.41,0.86,17.67,0.50,12.91,502.59,117.16,309.87
Fixation B,1,102,1821925842,1821992340,66498,528.89,399.33,17,1,-1,131.00,92.00
Saccade B,1,119,1821992340,1822058990,66650,501.90,397.46,475.67,400.46,2.08,36.62,0.50,31.17,397.55,153.42,275.48
Saccade B,1,120,1822158721,1822225341,66620,513.87,364.93,827.29,508.66,25.50,477.78,0.50,382.71,17097.34,13816.13,15456.74
Blink B,1,23,1822258605,1822757720,499115
Fixation B,1,103,1822790985,1822890869,99884,519.23,567.12,26,1,-1,130.67,112.67
Saccade B,1,121,1822924102,1822990600,66498,565.78,536.72,287.04,460.01,14.53,400.97,0.50,218.48,11513.75,2129.42,6821.58
Saccade B,1,122,1823023986,1823123718,99732,86.28,365.89,385.32,334.88,15.83,215.81,0.50,158.73,9705.06,1029.66,5490.54
Fixation B,1,104,1823123718,1823256988,133270,587.65,358.70,143,20,-1,129.25,80.50
Saccade B,1,123,1823256988,1823323364,66376,677.06,383.68,777.12,395.20,6.07,140.21,0.50,91.44,3028.09,125.30,1576.69
Fixation B,1,105,1823323364,1823523071,199707,819.33,391.71,38,11,-1,128.17,87.67
Saccade B,1,124,1823523071,1823589630,66559,778.68,388.38,741.37,398.46,2.71,53.55,0.50,40.76,779.42,560.72,670.07
Fixation B,1,106,1823589630,1824022247,432617,584.77,441.82,211,45,-1,132.77,87.38
Saccade B,1,125,1824022247,1824088867,66620,508.10,455.07,522.76,458.84,1.17,21.00,0.50,17.59,650.89,580.90,615.90
Saccade B,1,126,1824121978,1824221862,99884,546.14,459.33,545.96,462.13,7.76,105.23,0.50,77.73,6240.24,678.41,3367.33
Fixation B,1,107,1824221862,1824454711,232849,519.88,476.63,11,14,-1,128.29,91.00
Saccade B,1,127,1824454711,1824587860,133149,515.87,487.06,523.85,540.05,8.15,74.36,0.50,61.18,5198.37,550.64,3219.49
Fixation B,1,108,1824587860,1824654479,66619,513.41,517.36,20,45,-1,128.00,93.50
Saccade B,1,128,1824654479,1824721160,66681,506.09,488.48,482.36,417.73,3.75,102.93,0.50,56.28,2884.27,1907.45,2395.86
Fixation B,1,109,1824721160,1824787597,66437,470.64,412.29,3,5,-1,129.50,83.00
Saccade B,1,129,1824787597,1824854125,66528,461.86,397.05,487.05,391.49,1.85,35.55,0.50,27.83,1363.45,347.89,855.67
Fixation B,1,110,1824854125,1825020477,166352,501.74,369.32,1,35,-1,130.60,79.00
Saccade B,1,130,1825020477,1825086975,66498,516.84,349.07,494.86,352.65,1.77,30.86,0.50,26.58,1591.18,650.88,1121.03
Saccade B,1,131,1825120239,1825186859,66620,510.70,351.04,512.97,434.56,4.71,115.45,0.50,70.66,3619.27,892.59,2255.93
Fixation B,1,111,1825186859,1825319976,133117,524.14,429.96,22,6,-1,129.00,81.75
Saccade B,1,132,1825319976,1825386474,66498,533.30,425.81,573.12,453.88,2.37,67.57,0.50,35.71,2117.52,443.24,1280.38
Fixation B,1,112,1825386474,1825486358,99884,600.16,440.37,21,3,-1,131.33,86.33
Saccade B,1,133,1825486358,1825552978,66620,613.55,435.21,627.69,444.60,1.12,23.52,0.50,16.88,670.86,305.83,488.35
Saccade B,1,134,1825586181,1825653015,66834,625.32,463.86,600.81,463.56,1.37,33.78,0.50,20.51,1107.49,467.95,787.72
Fixation B,1,113,1825653015,1825752502,99487,582.55,477.58,22,8,-1,139.00,89.67
Saccade B,1,135,1825752502,1825819091,66589,570.01,482.66,577.62,546.11,3.08,88.31,0.50,46.22,2646.88,377.46,1512.17
Fixation B,1,114,1825819091,1825952239,133148,548.47,480.34,25,39,-1,133.00,87.75
Saccade B,1,136,1825952239,1826018737,66498,562.05,473.05,529.72,360.72,6.81,162.11,0.50,102.44,5871.11,2067.98,3969.54
Fixation B,1,115,1826018737,1826085235,66498,494.54,285.76,20,42,-1,130.00,73.00
Saccade B,1,137,1826085235,1826218353,133118,470.78,301.57,498.85,277.05,15.75,247.05,0.50,118.31,7320.16,1393.38,4624.02
Fixation B,1,116,1826218353,1826417999,199646,531.52,326.03,57,117,-1,133.67,75.83
Saccade B,1,138,1826417999,1826484588,66589,569.12,432.82,523.59,362.47,6.07,115.80,0.50,91.09,5404.44,1353.28,3378.86
Saccade B,1,139,1826517852,1826584350,66498,554.65,348.28,583.85,502.92,8.11,218.07,0.50,121.98,7333.04,1911.12,4622.08
Fixation B,1,117,1826584350,1826651000,66650,601.38,583.57,19,45,-1,142.00,94.50
Blink B,1,24,1826651000,1827283233,632233
Fixation B,1,118,1827316497,1827482849,166352,598.72,807.70,32,16,-1,138.80,104.80
Saccade B,1,140,1827482849,1827549346,66497,586.63,786.98,518.80,691.50,6.87,162.29,0.50,103.30,3548.80,1161.82,2355.31
Fixation B,1,119,1827549346,1827715759,166413,497.26,602.97,36,31,-1,134.00,102.00
Saccade B,1,141,1827715759,1827782379,66620,555.31,519.56,538.66,420.80,8.82,138.02,0.50,132.37,3514.86,3394.22,3454.54
Fixation B,1,120,1827782379,1827848999,66620,523.45,402.57,3,3,-1,121.00,85.50
Saccade B,1,142,1827848999,1827915466,66467,511.57,414.03,389.09,325.60,7.85,210.30,0.50,118.09,6258.06,960.41,3609.24
Fixation B,1,121,1827915466,1827981994,66528,332.43,269.69,36,34,-1,119.00,65.50
Saccade B,1,143,1827981994,1828048492,66498,268.56,231.59,359.77,156.79,9.36,163.60,0.50,140.71,7583.00,4995.33,6289.17
Saccade B,1,144,1828115112,1828214904,99792,419.94,343.13,494.13,321.20,22.42,259.87,0.50,224.64,14051.47,7615.68,11718.01
Fixation B,1,122,1828214904,1828314727,99823,542.78,182.55,17,15,-1,63.33,31.00
Saccade B,1,145,1828314727,1828381225,66498,553.39,175.25,593.13,249.61,4.01,116.93,0.50,60.33,3470.16,639.70,2054.93
Fixation B,1,123,1828381225,1828447875,66650,601.06,266.50,11,28,-1,91.50,49.50
Saccade B,1,146,1828447875,1828514373,66498,597.08,316.69,606.11,141.86,9.77,242.14,0.50,146.92,8788.18,945.45,4866.81
Fixation B,1,124,1828680877,1828780609,99732,-16.22,212.15,39,38,-1,8.00,4.67
Saccade B,1,147,1828813842,1828980224,166382,120.90,285.99,170.24,88.91,34.18,261.82,0.50,205.46,15488.84,3740.23,10638.60
Fixation B,1,125,1828980224,1829080139,99915,170.24,88.91,0,0,-1,13.00,6.00
Saccade B,1,148,1829080139,1829213226,133087,170.24,88.91,148.25,76.09,16.45,289.93,0.50,123.62,9463.98,0.00,7266.67
Fixation B,1,126,1829213226,1829279754,66528,171.49,62.33,46,27,-1,30.50,18.50
Saccade B,1,149,1829312988,1829412994,100006,56.24,120.25,650.52,176.66,37.09,546.94,0.50,370.91,14885.27,6927.88,11163.31
Fixation B,1,127,1829412994,1829579223,166229,839.36,304.91,263,115,-1,120.00,68.40
Saccade B,1,150,1829579223,1829712402,133179,567.59,310.82,311.25,496.87,17.36,175.64,0.50,130.35,3865.35,368.33,1809.31
Fixation B,1,128,1829712402,1829845367,132965,329.74,475.00,29,71,-1,125.25,84.50
Saccade B,1,151,1829878753,1829978485,99732,344.45,378.54,393.57,367.69,23.39,307.42,0.50,234.52,17952.14,3509.64,11059.97
Saccade B,1,152,1830011749,1830078369,66620,455.55,440.27,495.59,579.67,8.87,200.24,0.50,133.17,4068.54,958.50,2513.52
Blink B,1,25,1830111602,1830743865,632263
Fixation B,1,129,1830743865,1830810363,66498,393.20,398.64,77,8,-1,103.00,73.00
Saccade B,1,153,1830810363,1830877075,66712,412.14,364.46,493.91,368.38,5.43,113.03,0.50,81.40,4432.67,4148.91,4290.79
Fixation B,1,130,1830877075,1831076629,199554,648.82,428.78,124,94,-1,119.33,82.00
Saccade B,1,154,1831076629,1831143127,66498,677.39,468.77,632.63,453.08,2.64,65.73,0.50,39.75,1584.54,731.63,1158.08
Fixation B,1,131,1831143127,1831309478,166351,568.30,458.52,56,6,-1,118.60,83.80
Saccade B,1,155,1831309478,1831376129,66651,535.15,461.81,611.26,537.57,5.52,148.26,0.50,82.79,4750.97,499.89,2625.43
Fixation B,1,132,1831376129,1831575744,199615,567.39,547.09,41,25,-1,125.83,96.33
Blink B,1,26,1831575744,1831941741,365997
Fixation B,1,133,1831941741,1832108123,166382,522.48,579.77,21,44,-1,127.40,107.40
Blink B,1,27,1832108123,1832474243,366120
Fixation B,1,134,1832507476,1832740356,232880,580.44,607.08,3,4,-1,132.57,118.29
Saccade B,1,156,1832740356,1832807006,66650,581.86,601.77,579.59,548.68,2.71,73.62,0.50,40.67,1990.84,226.60,1108.72
Fixation B,1,135,1832807006,1832940032,133026,576.95,526.74,14,13,-1,130.25,109.50
Saccade B,1,157,1832940032,1833006622,66590,567.82,521.85,578.10,516.88,0.80,15.79,0.50,12.00,718.33,576.56,647.44
Fixation B,1,136,1833006622,1833139739,133117,578.41,520.69,8,4,-1,127.25,108.75
Saccade B,1,158,1833139739,1833239501,99762,567.30,523.91,564.93,514.49,1.20,17.01,0.50,12.06,711.01,216.23,537.11
Fixation B,1,137,1833239501,1833372619,133118,564.08,509.19,10,2,-1,123.25,106.25
Saccade B,1,159,1833372619,1833439239,66620,557.62,504.49,547.67,511.33,0.78,16.75,0.50,11.70,600.10,258.65,429.37
Fixation B,1,138,1833439239,1833539001,99762,541.25,507.04,7,4,-1,124.33,109.00
Saccade B,1,160,1833539001,1833605621,66620,531.66,507.56,537.35,499.72,0.76,13.43,0.50,11.40,660.04,246.61,453.32
Fixation B,1,139,1833605621,1833672119,66498,539.53,489.70,10,7,-1,127.00,107.50
Saccade B,1,161,1833672119,1833738616,66497,586.74,479.11,854.31,524.41,14.47,376.39,0.50,217.58,9670.67,1294.01,5482.34
Fixation B,1,140,1833738616,1833871734,133118,962.65,518.67,53,20,-1,118.50,102.50
Saccade B,1,162,1833871734,1833938354,66620,908.34,513.77,817.22,576.08,6.58,152.55,0.50,98.82,3569.66,1117.57,2343.61
Saccade B,1,163,1833971618,1834038116,66498,794.73,503.89,914.68,561.56,6.82,183.92,0.50,102.63,4946.88,4371.37,4659.12
Saccade B,1,164,1834071350,1834138000,66650,868.69,527.57,948.57,547.76,7.02,113.33,0.50,105.30,6245.24,3521.65,4883.44
Fixation B,1,141,1834138000,1834404113,266113,1029.70,577.67,27,24,-1,113.00,96.25
Saccade B,1,165,1834404113,1834470733,66620,1047.45,599.79,1064.71,613.25,1.49,30.22,0.50,22.35,476.25,334.10,405.18
Fixation B,1,142,1834470733,1834537231,66498,1061.53,606.42,3,0,-1,107.00,96.00
Saccade B,1,166,1834537231,1834603851,66620,1077.21,601.53,1127.14,534.79,4.53,115.49,0.50,67.93,2981.69,472.06,1726.87
Fixation B,1,143,1834603851,1834703613,99762,1133.04,526.53,9,13,-1,110.33,96.67
Saccade B,1,167,1834703613,1834770263,66650,1128.74,510.37,1020.05,386.06,8.04,227.97,0.50,120.67,6513.41,154.75,3334.08
Blink B,1,28,1834803497,1835136230,332733
Saccade B,1,168,1835169494,1835269378,99884,540.47,455.75,680.66,471.81,9.48,120.57,0.50,94.92,7738.15,1796.83,3827.21
Fixation B,1,144,1835269378,1835469085,199707,660.38,472.90,48,66,-1,122.33,88.50
Saccade B,1,169,1835469085,1835535491,66406,655.98,449.46,646.83,468.29,1.62,29.09,0.50,24.35,1161.99,544.93,853.46
Fixation B,1,145,1835535491,1836067993,532502,600.82,535.80,59,73,-1,129.88,95.19
Saccade B,1,170,1836067993,1836134490,66497,577.89,532.83,575.08,541.06,0.62,12.06,0.50,9.36,439.73,272.68,356.21
Fixation B,1,146,1836134490,1836234375,99885,581.85,542.19,13,3,-1,130.67,98.67
Saccade B,1,171,1836234375,1836334136,99761,584.31,546.26,593.08,548.87,1.14,14.56,0.50,11.48,722.86,619.80,657.88
Fixation B,1,147,1836334136,1836433990,99854,599.25,547.40,2,3,-1,133.00,103.00
Saccade B,1,172,1836433990,1836500488,66498,607.60,544.65,618.73,538.88,1.09,17.37,0.50,16.42,620.67,57.62,339.14
Saccade B,1,173,1836533874,1836600372,66498,633.11,544.79,642.60,540.63,0.82,14.37,0.50,12.40,232.29,199.18,215.73
Fixation B,1,148,1836600372,1836733489,133117,607.75,498.69,69,74,-1,135.50,95.75
Saccade B,1,174,1836733489,1836833251,99762,549.26,492.76,421.15,483.01,7.57,90.49,0.50,75.92,2120.36,149.56,1188.47
Fixation B,1,149,1836833251,1836966369,133118,343.51,466.37,49,33,-1,110.50,91.75
Saccade B,1,175,1836966369,1837066253,99884,343.02,445.64,453.55,454.95,6.27,92.51,0.50,62.79,1881.09,1051.26,1531.23
Fixation B,1,150,1837066253,1837265869,199616,555.99,455.01,87,12,-1,127.00,94.00
Saccade B,1,176,1837265869,1837332366,66497,585.18,450.65,602.35,447.36,0.95,24.23,0.50,14.30,659.50,289.58,474.54
Fixation B,1,151,1837332366,1837498779,166413,610.48,461.96,13,13,-1,135.40,94.40
Blink B,1,29,1837498779,1837798248,299469
Saccade B,1,177,1837831481,1837898132,66651,426.42,684.18,444.96,790.01,5.27,147.40,0.50,79.12,4065.44,695.80,2380.62
Saccade B,1,178,1837931365,1837998016,66651,459.69,1045.78,496.18,832.68,19.87,299.58,0.50,298.17,17855.97,7189.27,12522.62
Fixation B,1,152,1838031250,1838131103,99853,544.37,811.19,14,39,-1,134.67,113.33
Blink B,1,30,1838131103,1838264099,132996
Fixation B,1,153,1838264099,1838330841,66742,561.04,838.21,0,0,-1,125.50,124.00
Saccade B,1,179,1838330841,1838397247,66406,559.41,804.71,639.31,705.32,7.43,177.36,0.50,111.89,4395.53,1398.83,2897.18
Fixation B,1,154,1838397247,1838497253,100006,651.76,619.56,34,13,-1,129.00,112.67
Saccade B,1,180,1838497253,1838563629,66376,621.80,599.08,574.35,492.02,6.30,163.01,0.50,94.95,4155.90,466.49,2311.19
Fixation B,1,155,1838563629,1838630126,66497,526.74,480.43,19,0,-1,118.00,103.00
Saccade B,1,181,1838630126,1838696960,66834,513.31,504.53,469.71,469.00,3.75,77.65,0.50,56.04,2980.30,1231.24,2105.77
Saccade B,1,182,1838730010,1838796508,66498,489.02,480.15,429.25,427.97,4.65,109.93,0.50,69.94,4187.72,871.98,2529.85
Fixation B,1,156,1838796508,1838896362,99854,446.56,427.05,30,2,-1,125.00,98.67
Saccade B,1,183,1838896362,1838962890,66528,466.60,427.11,480.22,424.37,0.93,19.25,0.50,13.91,320.86,259.87,290.36
Fixation B,1,157,1838962890,1839162658,199768,497.55,395.73,26,84,-1,126.17,93.83
Saccade B,1,184,1839162658,1839262359,99701,515.83,293.42,537.07,173.40,7.87,97.97,0.50,78.91,1059.40,405.96,696.09
Fixation B,1,158,1839262359,1839329101,66742,550.37,139.13,7,4,-1,127.00,61.50
Saccade B,1,185,1839329101,1839395507,66406,556.02,157.96,550.63,222.91,3.97,90.64,0.50,59.85,1878.62,1067.08,1472.85
Fixation B,1,159,1839395507,1839595123,199616,574.09,385.91,22,175,-1,132.67,84.00
Saccade B,1,186,1839595123,1839661743,66620,592.32,467.28,563.62,416.22,4.19,80.87,0.50,62.82,3715.92,1718.18,2717.05
Fixation B,1,160,1839661743,1840094238,432495,578.89,410.17,13,69,-1,135.00,86.46
Saccade B,1,187,1840094238,1840227386,133148,583.75,430.17,521.90,423.63,3.78,16.44,0.50,28.36,3208.96,5.69,1567.92
Fixation B,1,161,1840227386,1840327270,99884,520.97,426.74,3,6,-1,130.33,88.67
Saccade B,1,188,1840327270,1840393737,66467,684.81,409.67,949.46,435.69,19.96,368.82,0.50,300.25,7118.15,4550.58,5834.37
Fixation B,1,162,1840393737,1840460388,66651,945.37,441.00,17,4,-1,125.50,88.50
Saccade B,1,189,1840460388,1840560119,99731,932.80,442.83,628.96,430.08,14.38,399.18,0.50,144.17,11344.35,695.66,4268.23
Fixation B,1,163,1840560119,1840693267,133148,432.67,490.97,36,13,-1,129.00,82.50
Saccade B,1,190,1840693267,1840793212,99945,457.06,499.64,475.39,549.84,3.13,76.55,0.50,31.33,2375.89,542.15,1602.02
Fixation B,1,164,1840793212,1841026000,232788,490.29,507.21,50,24,-1,127.57,91.57
Saccade B,1,191,1841026000,1841092620,66620,528.08,518.32,542.72,521.57,1.33,20.80,0.50,19.97,332.04,116.64,224.34
Fixation B,1,165,1841092620,1841225616,132996,549.82,517.30,8,17,-1,134.25,93.00
Saccade B,1,192,1841225616,1841325500,99884,540.02,480.11,383.85,403.95,10.32,141.69,0.50,103.29,3743.61,803.66,2411.77
Fixation B,1,166,1841325500,1841425384,99884,309.22,451.65,24,24,-1,97.33,85.00
Saccade B,1,193,1841425384,1841491882,66498,374.40,443.81,551.28,488.08,11.84,252.66,0.50,177.99,4605.72,4142.67,4374.20
Fixation B,1,167,1841491882,1841625091,133209,577.81,487.96,33,7,-1,129.00,93.75
Saccade B,1,194,1841625091,1841724884,99793,539.17,547.91,621.79,694.75,11.15,194.71,0.50,111.70,4820.52,2959.32,3966.48
Fixation B,1,168,1841724884,1841857910,133026,635.15,685.67,15,23,-1,137.25,103.00
Saccade B,1,195,1841857910,1841957763,99853,622.70,669.30,609.68,662.52,0.97,17.66,0.50,9.70,477.80,388.95,428.56
Fixation B,1,169,1841957763,1842124145,166382,597.35,669.54,21,11,-1,137.20,104.60
Saccade B,1,196,1842124145,1842190612,66467,589.30,660.90,446.00,696.86,7.58,204.90,0.50,114.11,5539.90,588.63,3064.27
Saccade B,1,197,1842223876,1842357025,133149,413.50,714.83,677.52,755.76,11.99,107.85,0.50,90.07,5787.02,299.84,2020.39
Saccade B,1,198,1842423614,1842490112,66498,720.86,754.97,954.00,590.08,13.95,394.25,0.50,209.81,11146.27,325.50,5735.89
Fixation B,1,170,1842490112,1842956024,465912,718.00,438.72,413,63,-1,125.79,89.43
Saccade B,1,199,1842956024,1843022491,66467,532.13,463.51,546.20,516.25,3.13,75.71,0.50,47.04,1880.38,311.68,1096.03
Fixation B,1,171,1843022491,1843155639,133148,582.35,493.22,15,14,-1,131.25,92.25
Saccade B,1,200,1843155639,1843222259,66620,596.59,493.08,613.37,486.98,1.01,24.67,0.50,15.13,579.83,504.51,542.17
Fixation B,1,172,1843222259,1843321990,99731,613.32,453.62,16,42,-1,130.00,90.67
Saccade B,1,201,1843321990,1843388641,66651,616.84,416.07,637.63,395.25,2.24,40.73,0.50,33.65,903.59,565.94,734.77
Fixation B,1,173,1843388641,1843621490,232849,620.03,372.79,25,69,-1,130.00,87.71
Saccade B,1,202,1843621490,1843687988,66498,603.38,459.44,582.81,507.39,4.50,72.31,0.50,67.61,622.99,563.03,593.01
Fixation B,1,174,1843687988,1843887756,199768,556.10,593.59,38,82,-1,133.00,106.17
Saccade B,1,203,1843887756,1843987487,99731,534.05,629.83,534.44,605.54,1.41,21.09,0.50,14.10,809.73,122.92,420.28
Fixation B,1,175,1843987487,1844187255,199768,527.79,559.70,11,40,-1,133.50,104.83
Saccade B,1,204,1844187255,1844253753,66498,531.78,548.16,558.45,598.74,3.00,79.24,0.50,45.13,2186.20,724.61,1455.40
Fixation B,1,176,1844253753,1844320251,66498,559.66,592.84,1,5,-1,136.00,100.50
Saccade B,1,205,1844320251,1844386901,66650,557.17,580.32,574.97,579.70,1.27,24.59,0.50,19.09,893.25,161.67,527.46
Fixation B,1,177,1844386901,1844486633,99732,572.38,573.51,4,3,-1,127.33,103.67
Saccade B,1,206,1844486633,1844553253,66620,566.19,571.65,576.57,565.57,0.77,16.63,0.50,11.55,660.41,171.77,416.09
Fixation B,1,178,1844553253,1844686370,133117,565.03,565.17,1,7,-1,132.50,107.00
Saccade B,1,207,1844686370,1844819488,133118,550.39,516.27,1054.06,397.78,22.91,70.84,0.50,172.09,10738.88,334.75,3454.42
Fixation B,1,179,1844819488,1844919250,99762,1090.30,383.43,57,33,-1,105.33,69.00
Blink B,1,31,1844919250,1845318511,399261
Blink B,1,32,1845351898,1845451721,99823
Fixation B,1,180,1845451721,1845684631,232910,614.50,504.32,20,14,-1,129.57,92.43
Saccade B,1,208,1845684631,1845751159,66528,609.35,492.98,588.64,538.23,2.66,68.75,0.50,40.02,2373.04,524.45,1448.74
Fixation B,1,181,1845751159,1845917480,166321,578.66,554.92,4,5,-1,134.40,103.00
Saccade B,1,209,1845917480,1846050628,133148,583.07,549.31,748.92,421.50,8.38,9.93,0.50,62.97,4949.72,201.15,1618.41
Fixation B,1,182,1846050628,1846217071,166443,771.66,405.00,47,28,-1,130.20,88.80
Saccade B,1,210,1846217071,1846283538,66467,745.58,417.13,825.03,409.96,4.50,110.84,0.50,67.76,4011.10,282.78,2146.94
Fixation B,1,183,1846283538,1846350128,66590,885.72,434.17,9,28,-1,131.50,92.00
Saccade B,1,211,1846350128,1846416625,66497,886.87,427.28,956.75,479.53,5.02,120.91,0.50,75.49,4340.22,2166.81,3253.51
Saccade B,1,212,1846449890,1846516510,66620,1009.09,449.95,829.41,470.78,10.01,249.73,0.50,150.28,8049.80,2424.76,5237.28
Fixation B,1,184,1846516510,1846616241,99731,824.22,425.62,48,49,-1,128.33,87.00
Saccade B,1,213,1846616241,1846682891,66650,720.12,374.50,619.67,357.36,8.40,140.69,0.50,126.09,1696.17,1052.63,1374.40
Fixation B,1,185,1846682891,1846782623,99732,550.79,356.59,39,8,-1,126.00,77.00
Saccade B,1,214,1846782623,1846849243,66620,552.79,383.89,536.32,416.71,2.96,50.69,0.50,44.46,1433.02,1057.04,1245.03
Fixation B,1,186,1846849243,1846915771,66528,537.32,473.89,4,43,-1,117.50,88.50
Saccade B,1,215,1846915771,1847015716,99945,544.98,559.79,553.83,671.57,8.18,103.61,0.50,81.81,1568.12,429.35,1022.59
Fixation B,1,187,1847015716,1847215270,199554,564.21,727.48,13,34,-1,131.17,103.67
Saccade B,1,216,1847215270,1847281890,66620,582.75,708.67,590.35,674.87,3.11,48.06,0.50,46.67,1469.94,700.49,1085.21
Fixation B,1,188,1847281890,1847414886,132996,593.11,666.55,4,9,-1,135.50,109.00
Saccade B,1,217,1847414886,1847481506,66620,601.45,665.54,595.22,645.07,1.33,29.57,0.50,19.90,1133.64,322.60,728.12
Fixation B,1,189,1847481506,1847581359,99853,586.83,612.98,4,53,-1,134.67,107.67
Saccade B,1,218,1847581359,1847647888,66529,724.35,618.37,983.31,743.24,19.94,398.37,0.50,299.69,6891.60,6142.45,6517.03
Fixation B,1,190,1847647888,1847847503,199615,1115.50,719.48,83,167,-1,112.67,98.83
Saccade B,1,219,1847847503,1847914001,66498,1085.97,660.19,1028.89,677.46,3.81,82.33,0.50,57.32,3303.34,2304.29,2803.81
Fixation B,1,191,1847914001,1848080383,166382,988.13,662.08,99,21,-1,116.60,96.60
Saccade B,1,220,1848080383,1848147003,66620,934.76,650.53,869.55,642.21,3.13,90.76,0.50,47.00,2811.49,1513.77,2162.63
Fixation B,1,192,1848147003,1848246765,99762,907.89,652.66,8,3,-1,121.67,100.67
Blink B,1,33,1848246765,1848379974,133209
Fixation B,1,193,1848379974,1848479797,99823,439.72,483.07,447,114,-1,120.33,89.33
Saccade B,1,221,1848479797,1848546264,66467,289.33,445.15,382.20,446.02,6.03,128.57,0.50,90.73,6492.68,2307.04,4399.86
Fixation B,1,194,1848546264,1848679382,133118,482.17,485.20,50,32,-1,128.50,95.50
Blink B,1,34,1848679382,1849111999,432617
Fixation B,1,195,1849145263,1849245300,100037,626.16,494.28,1,9,-1,138.00,95.00
Blink B,1,35,1849245300,1849577880,332580
Fixation B,1,196,1849577880,1849977172,399292,1164.95,724.04,87,50,-1,113.50,94.50
Blink B,1,36,1850043640,1850343139,299499
Fixation B,1,197,1850343139,1850409759,66620,549.92,441.48,17,16,-1,119.50,79.00
Saccade B,1,222,1850409759,1850476257,66498,581.23,421.71,652.73,414.32,4.49,99.70,0.50,67.58,2040.51,312.54,1176.52
Saccade B,1,223,1850509582,1850576141,66559,676.15,400.94,598.04,395.07,4.12,108.44,0.50,61.84,3266.65,1015.72,2141.19
Fixation B,1,198,1850576141,1850642639,66498,542.72,397.12,19,1,-1,126.00,78.00
Saccade B,1,224,1850642639,1850709350,66711,549.44,400.34,587.69,410.90,2.61,54.99,0.50,39.14,1517.51,961.65,1239.58
Fixation B,1,199,1850709350,1850775756,66406,585.74,409.29,4,6,-1,131.50,84.50
Saccade B,1,225,1850775756,1850842254,66498,571.97,420.27,550.88,424.89,1.82,29.89,0.50,27.37,866.06,248.90,557.48
Fixation B,1,200,1850842254,1850909027,66773,546.26,421.42,29,6,-1,130.50,80.50
Saccade B,1,226,1850909027,1850975402,66375,514.31,425.12,549.99,515.12,5.27,134.77,0.50,79.40,4372.91,543.44,2458.18
Fixation B,1,201,1850975402,1851108520,133118,531.35,520.45,14,23,-1,118.25,77.50
Saccade B,1,227,1851108520,1851175018,66498,556.53,556.32,514.04,503.30,5.80,94.15,0.50,87.28,5239.08,3063.21,4151.14
Blink B,1,37,1851208404,1851474487,266083
Fixation B,1,202,1851474487,1851574371,99884,1051.00,739.44,32,48,-1,120.67,87.67
Blink B,1,38,1851574371,1852206634,632263
Fixation B,1,203,1852239898,1852472900,233002,717.25,410.47,190,23,-1,122.00,75.43
Saccade B,1,228,1852472900,1852539398,66498,789.86,458.90,854.20,416.22,6.03,107.08,0.50,90.64,5122.56,2936.54,4029.55
Saccade B,1,229,1852572631,1852639160,66529,918.53,444.49,710.46,366.07,11.47,308.12,0.50,172.36,10348.32,788.65,5568.48
Fixation B,1,204,1852639160,1852838928,199768,557.26,455.23,56,57,-1,129.17,68.33
Saccade B,1,230,1852838928,1852905395,66467,585.07,436.79,467.32,404.49,6.49,169.51,0.50,97.60,5225.71,585.24,2905.48
Blink B,1,39,1852905395,1853271392,365997
Fixation B,1,205,1853271392,1853570892,299500,816.93,464.05,44,31,-1,121.89,76.56
Saccade B,1,231,1853570892,1853637512,66620,785.90,450.90,795.70,472.55,1.74,32.97,0.50,26.13,1442.84,704.50,1073.67
Blink B,1,40,1853670776,1854003509,332733
Fixation B,1,206,1854003509,1854103271,99762,327.84,369.47,286,30,-1,108.67,66.67
Saccade B,1,232,1854103271,1854169891,66620,187.60,343.25,283.86,333.30,5.41,133.61,0.50,81.27,4397.94,4096.04,4246.99
Fixation B,1,207,1854169891,1854303009,133118,361.78,374.34,28,22,-1,100.25,79.75
Saccade B,1,233,1854303009,1854369537,66528,410.72,389.49,499.44,483.18,8.70,178.80,0.50,130.71,3669.54,2793.71,3231.62
Fixation B,1,208,1854369537,1854436004,66467,503.87,407.73,54,7,-1,122.50,74.00
Saccade B,1,234,1854436004,1854502655,66651,545.97,425.34,603.45,476.45,4.49,106.19,0.50,67.31,2329.33,1657.25,1993.29
Fixation B,1,209,1854502655,1854669036,166381,625.31,454.96,26,28,-1,137.00,78.60
Blink B,1,41,1854669036,1854835418,166382
Fixation B,1,210,1854835418,1854901916,66498,630.02,418.68,54,1,-1,135.50,75.50
Blink B,1,42,1854901916,1855234680,332764
Blink B,1,43,1855268035,1855534149,266114
Saccade B,1,235,1855567382,1855667266,99884,599.21,347.70,710.92,366.86,8.60,110.57,0.50,86.08,2762.19,1041.88,1977.79
Fixation B,1,211,1855667266,1855833648,166382,773.18,421.47,35,37,-1,121.40,74.00
Saccade B,1,236,1855833648,1855900146,66498,809.25,442.14,779.69,419.24,2.67,51.87,0.50,40.10,2348.37,255.91,1302.14
Fixation B,1,212,1855900146,1855966766,66620,749.16,404.30,20,8,-1,120.00,78.00
Saccade B,1,237,1855966766,1856033264,66498,718.10,392.11,689.01,398.50,2.40,41.31,0.50,36.13,690.96,27.29,359.13
Fixation B,1,213,1856033264,1856199645,166381,640.18,404.11,56,35,-1,128.80,71.20
Saccade B,1,238,1856199645,1856266296,66651,597.32,427.40,601.51,450.36,1.75,32.22,0.50,26.33,1174.89,277.17,726.03
Fixation B,1,214,1856266296,1856499145,232849,578.01,477.66,60,49,-1,126.14,77.71
Saccade B,1,239,1856499145,1856565765,66620,541.87,455.75,578.06,501.61,3.04,80.94,0.50,45.61,2648.88,145.91,1397.40
Fixation B,1,215,1856565765,1856665496,99731,547.66,472.24,41,39,-1,120.00,78.33
Blink B,1,44,1856665496,1857098144,432648
Fixation B,1,216,1857131408,1857231262,99854,1063.81,783.66,14,20,-1,107.33,85.67
Blink B,1,45,1857231262,1857930023,698761
Fixation B,1,217,1857930023,1858063140,133117,649.79,441.89,6,18,-1,134.75,86.25
Saccade B,1,240,1858063140,1858129638,66498,649.34,437.54,650.28,455.33,1.00,24.68,0.50,15.00,582.32,258.90,420.61
Fixation B,1,218,1858129638,1858229522,99884,645.33,472.50,1,13,-1,134.33,75.67
Saccade B,1,241,1858229522,1858296020,66498,647.59,472.52,646.49,439.86,1.77,45.24,0.50,26.69,1135.17,356.45,745.81
Fixation B,1,219,1858296020,1858429199,133179,639.15,448.36,21,17,-1,134.25,83.25
Blink B,1,46,1858429199,1858595550,166351
Fixation B,1,220,1858595550,1858728637,133087,606.49,450.51,24,24,-1,136.75,82.50
Saccade B,1,242,1858728637,1858795135,66498,609.70,466.82,590.95,422.73,2.84,66.39,0.50,42.64,2343.68,1036.12,1689.90
Fixation B,1,221,1858795135,1858961517,166382,555.94,421.48,44,9,-1,133.20,83.60
Saccade B,1,243,1858961517,1859194519,233002,578.07,456.55,517.17,470.95,21.83,90.40,0.50,93.68,6350.37,2072.93,5158.65
Fixation B,1,222,1859194519,1859394134,199615,519.37,488.14,30,44,-1,116.33,87.67
Blink B,1,47,1859394134,1859493896,99762
Fixation B,1,223,1859493896,1859693664,199768,491.88,440.86,49,55,-1,130.17,82.83
Saccade B,1,244,1859693664,1859760131,66467,472.65,441.23,516.70,476.69,2.86,78.44,0.50,42.97,2235.33,345.98,1290.65
Blink B,1,48,1859826782,1859926544,99762
Fixation B,1,224,1859926544,1859993164,66620,1127.15,905.82,26,74,-1,129.50,105.50
Saccade B,1,245,1859993164,1860059631,66467,1036.28,794.73,751.69,644.57,19.76,446.30,0.50,297.27,9215.63,2131.63,5673.63
Fixation B,1,225,1860059631,1860159515,99884,693.83,676.72,71,182,-1,131.00,112.33
Saccade B,1,246,1860159515,1860292541,133026,731.53,828.09,678.93,772.78,15.25,193.04,0.50,114.64,6338.20,1168.14,4543.49
Fixation B,1,226,1860292541,1860425659,133118,670.62,698.44,11,119,-1,135.75,117.75
Saccade B,1,247,1860425659,1860492279,66620,680.53,660.46,512.48,608.08,8.80,243.91,0.50,132.08,7924.71,815.72,4370.22
Saccade B,1,248,1860525512,1860592041,66529,488.56,592.27,433.33,513.15,5.29,133.58,0.50,79.57,4166.00,2343.69,3254.85
Saccade B,1,249,1860658660,1860725219,66559,491.67,589.52,502.27,395.13,14.64,270.01,0.50,219.99,13207.83,6001.95,9604.89
Fixation B,1,227,1860725219,1860791656,66437,560.71,365.53,35,8,-1,137.00,88.50
Saccade B,1,250,1860791656,1860858276,66620,607.83,360.35,643.62,379.67,3.22,56.05,0.50,48.32,884.36,398.11,641.23
Fixation B,1,228,1860858276,1860924926,66650,667.05,384.29,20,18,-1,138.00,92.50
Saccade B,1,251,1860924926,1860991394,66468,699.47,414.60,731.97,402.66,3.01,48.20,0.50,45.33,1446.36,141.31,793.84
Fixation B,1,229,1860991394,1861091156,99762,748.93,406.99,8,18,-1,136.67,91.33
Saccade B,1,252,1861091156,1861191040,99884,785.58,365.20,587.51,466.31,15.12,344.64,0.50,151.40,11505.69,860.70,4527.92
Blink B,1,49,1861191040,1861357391,166351
Fixation B,1,230,1861390686,1861490539,99853,668.77,524.32,26,36,-1,140.67,100.33
Saccade B,1,253,1861490539,1861557098,66559,655.52,536.45,859.51,486.22,9.95,291.10,0.50,149.55,8680.83,1153.35,4917.09
Saccade B,1,254,1861590270,1861657043,66773,914.03,351.78,722.97,347.61,13.00,263.84,0.50,194.74,7458.05,5908.60,6683.32
Fixation B,1,231,1861657043,1861723419,66376,470.53,366.93,142,2,-1,127.00,78.00
Saccade B,1,255,1861723419,1861790039,66620,342.57,337.83,232.74,294.17,8.37,163.93,0.50,125.65,3783.04,2322.29,3052.67
Fixation B,1,232,1861790039,1861889770,99731,260.09,173.77,28,17,-1,107.67,62.33
Saccade B,1,256,1861889770,1862022888,133118,282.47,195.19,348.11,270.36,5.89,60.60,0.50,44.26,1158.91,473.53,780.69
Fixation B,1,233,1862022888,1862222534,199646,435.06,363.49,126,55,-1,129.50,76.50
Saccade B,1,257,1862222534,1862289306,66772,506.01,420.69,490.41,457.24,3.31,54.86,0.50,49.53,1390.25,306.93,848.59
Fixation B,1,234,1862289306,1862355651,66345,523.36,504.28,25,34,-1,134.50,86.50
Blink B,1,50,1862355651,1862954681,599030
Fixation B,1,235,1862954681,1863087799,133118,439.40,458.06,29,6,-1,113.75,89.00
Saccade B,1,258,1863087799,1863154266,66467,444.74,517.71,440.21,445.73,6.37,99.68,0.50,95.87,5698.04,3065.72,4381.88
Fixation B,1,236,1863154266,1863220916,66650,480.39,481.74,9,10,-1,117.50,87.50
Blink B,1,51,1863220916,1863753265,532349
Blink B,1,52,1863786529,1864119262,332733
Fixation B,1,237,1864119262,1864252410,133148,986.32,631.65,71,66,-1,121.50,98.00
Saccade B,1,259,1864252410,1864318908,66498,997.13,685.77,986.51,784.04,7.52,137.09,0.50,113.14,4121.67,1931.83,3026.75
Fixation B,1,238,1864352142,1864485290,133148,940.54,765.98,40,16,-1,133.75,101.75
Blink B,1,53,1864485290,1864784912,299622
Fixation B,1,239,1864784912,1864884674,99762,828.00,365.05,30,16,-1,128.33,84.67
Blink B,1,54,1864884674,1865150787,266113
Saccade B,1,260,1865184020,1865250671,66651,879.80,400.24,597.84,411.63,13.17,389.59,0.50,197.55,11541.62,1018.02,6279.82
Fixation B,1,240,1865250671,1865483520,232849,467.17,474.78,44,16,-1,116.86,79.00
Blink B,1,55,1865483520,1865783142,299622
Fixation B,1,241,1865783142,1865882904,99762,527.59,454.66,3,1,-1,126.67,92.00
Saccade B,1,261,1865882904,1865949401,66497,528.12,458.96,515.67,467.35,0.92,20.82,0.50,13.80,505.54,280.16,392.85
Fixation B,1,242,1865949401,1866016052,66651,506.89,472.99,9,15,-1,115.00,87.50
Saccade B,1,262,1866016052,1866082550,66498,468.74,467.08,509.40,510.06,4.80,82.06,0.50,72.21,4207.27,2493.39,3350.33
Fixation B,1,243,1866082550,1866182403,99853,467.90,461.68,33,29,-1,120.33,86.67
Saccade B,1,263,1866182403,1866249053,66650,368.14,536.32,328.54,701.46,14.00,235.32,0.50,210.00,6834.72,3970.74,5402.73
Blink B,1,56,1866249053,1866382049,132996
Blink B,1,57,1866415283,1866814514,399231
Fixation B,1,244,1866814514,1866881256,66742,638.55,611.68,88,170,-1,133.00,92.00
Saccade B,1,264,1866881256,1867014282,133026,444.86,435.05,408.63,385.90,19.06,248.32,0.50,143.27,8450.73,690.07,4365.15
Fixation B,1,245,1867014282,1867114044,99762,407.90,395.37,10,19,-1,113.00,80.33
Saccade B,1,265,1867114044,1867247161,133117,434.06,447.79,525.79,558.75,10.46,128.03,0.50,78.56,5455.41,1440.03,3382.18
Fixation B,1,246,1867247161,1867313781,66620,511.24,528.11,29,61,-1,122.00,87.50
Saccade B,1,266,1867313781,1867413543,99762,500.43,487.84,825.94,445.97,17.87,401.51,0.50,179.10,11450.68,2544.45,5956.40
Saccade B,1,267,1867446777,1867513397,66620,825.47,447.39,742.78,458.19,5.56,115.13,0.50,83.41,3126.95,2515.54,2821.25
Fixation B,1,247,1867513397,1867579925,66528,649.08,450.52,43,4,-1,135.50,89.00
Saccade B,1,268,1867579925,1867646545,66620,596.01,480.22,574.42,411.23,5.40,100.08,0.50,81.13,4219.09,1595.01,2907.05
Fixation B,1,248,1867646545,1867713134,66589,508.83,421.69,33,3,-1,125.50,82.50
Saccade B,1,269,1867713134,1867813018,99884,410.63,418.39,177.88,361.67,16.01,296.61,0.50,160.32,8244.40,2036.45,5273.48
Fixation B,1,249,1867813018,1867912658,99640,208.21,354.11,8,19,-1,111.00,72.67
Saccade B,1,270,1867912658,1867979278,66620,193.81,336.84,248.03,259.62,5.51,130.86,0.50,82.69,3846.53,1619.09,2732.81
Fixation B,1,250,1867979278,1868045806,66528,319.50,285.39,62,35,-1,115.50,73.00
Saccade B,1,271,1868045806,1868112274,66468,381.63,358.97,441.87,432.53,7.33,131.87,0.50,110.22,1581.35,1431.58,1506.47
Fixation B,1,251,1868112274,1868178924,66650,523.53,532.83,64,41,-1,126.50,90.50
Blink B,1,58,1868178924,1868278656,99732
Fixation B,1,252,1868278656,1868345367,66711,712.05,637.41,18,5,-1,125.00,91.50
Blink B,1,59,1868378540,1868478424,99884
Fixation B,1,253,1868478424,1868611419,132995,763.72,603.44,29,33,-1,129.50,98.75
Saccade B,1,272,1868611419,1868678039,66620,742.76,583.30,660.74,550.68,4.36,121.42,0.50,65.45,3443.16,909.31,2176.23
Fixation B,1,254,1868678039,1868811157,133118,630.39,498.92,88,46,-1,136.25,90.25
Blink B,1,60,1868811157,1869676300,865143
Fixation B,1,255,1869676300,1869975799,299499,683.32,419.18,91,84,-1,133.56,88.78
Saccade B,1,273,1869975799,1870075531,99732,700.10,425.48,688.39,396.32,4.62,64.15,0.50,46.33,2778.78,731.82,2036.02
Fixation B,1,256,1870075531,1870241912,166381,661.39,412.53,29,14,-1,134.20,77.20
Saccade B,1,274,1870241912,1870308532,66620,630.41,414.64,612.48,399.64,1.78,32.24,0.50,26.72,568.68,276.99,422.83
Fixation B,1,257,1870308532,1870375030,66498,595.18,386.53,15,25,-1,132.50,75.50
Saccade B,1,275,1870375030,1870441680,66650,579.92,410.25,562.67,361.99,4.08,70.76,0.50,61.23,3534.89,2609.42,3072.16
Fixation B,1,258,1870441680,1870508148,66468,551.76,361.53,16,9,-1,132.50,68.00
Saccade B,1,276,1870508148,1870574798,66650,536.93,354.29,579.64,389.85,2.89,77.02,0.50,43.29,2591.28,519.38,1555.33
Fixation B,1,259,1870574798,1870707794,132996,572.84,404.03,17,50,-1,136.00,73.25
Saccade B,1,277,1870707794,1870774414,66620,539.46,361.55,573.71,426.79,5.91,101.55,0.50,88.77,5297.01,2256.57,3776.79
Fixation B,1,260,1870774414,1870940917,166503,546.81,380.91,41,67,-1,135.00,72.80
Blink B,1,61,1870940917,1871539672,598755
Fixation B,1,261,1871539672,1871606292,66620,703.84,416.31,25,42,-1,131.00,90.00
Saccade B,1,278,1871606292,1871673004,66712,677.08,462.09,702.43,644.22,9.81,254.81,0.50,147.02,6772.15,876.32,3824.23
Fixation B,1,262,1871706054,1871872406,166352,703.78,621.71,24,74,-1,125.20,94.60
Blink B,1,62,1871872406,1871972290,99884
Fixation B,1,263,1871972290,1872038940,66650,632.64,596.34,2,1,-1,130.00,94.50
Blink B,1,63,1872038940,1872405029,366089
Fixation B,1,264,1872405029,1872471405,66376,871.92,662.34,38,56,-1,112.50,87.50
Saccade B,1,279,1872471405,1872538055,66650,775.24,653.25,572.43,491.95,17.60,359.08,0.50,264.07,7554.76,6304.16,6929.46
Fixation B,1,265,1872538055,1872637817,99762,412.37,303.95,32,135,-1,113.33,69.67
Saccade B,1,280,1872637817,1872704406,66589,520.67,227.88,600.17,361.36,11.80,215.47,0.50,177.26,6337.38,3021.85,4679.61
Fixation B,1,266,1872737701,1872870788,133087,646.74,333.35,10,45,-1,130.75,69.50
Blink B,1,64,1872870788,1873170166,299378
Fixation B,1,267,1873170166,1873369934,199768,602.07,396.01,10,48,-1,132.83,76.33
Blink B,1,65,1873369934,1874235046,865112
Fixation B,1,268,1874235046,1874301544,66498,530.62,610.61,11,15,-1,136.00,104.00
Saccade B,1,281,1874301544,1874368164,66620,547.24,616.53,549.62,661.54,2.58,62.24,0.50,38.73,1972.21,732.26,1352.24
Blink B,1,66,1874401428,1874667663,266235
Fixation B,1,269,1874667663,1874767456,99793,516.49,385.51,106,172,-1,122.33,76.67
Saccade B,1,282,1874767456,1874834136,66680,420.37,379.46,401.82,233.40,10.73,202.91,0.50,160.96,9233.24,6475.69,7854.46
Fixation B,1,270,1874834136,1874900543,66407,383.44,207.28,10,8,-1,115.50,59.50
Saccade B,1,283,1874900543,1875033660,133117,398.16,250.95,488.80,526.16,12.57,106.60,0.50,94.39,1966.13,433.10,1289.49
Fixation B,1,271,1875033660,1875166809,133149,486.46,506.76,35,29,-1,113.50,87.00
Blink B,1,67,1875166809,1875399658,232849
Blink B,1,68,1875433074,1875965393,532319
Blink B,1,69,1875998657,1876198303,199646
Blink B,1,70,1876231536,1876963684,732148
Blink B,1,71,1876997039,1877130035,132996
Fixation B,1,272,1877130035,1877196533,66498,521.19,473.99,6,0,-1,123.00,92.50
Blink B,1,72,1877196533,1877329681,133148
Fixation B,1,273,1877329681,1877496063,166382,537.05,416.03,31,27,-1,129.80,88.60
Saccade B,1,284,1877529296,1877595916,66620,374.81,420.56,227.71,446.85,11.54,207.05,0.50,173.29,2041.33,1860.23,1950.78
Fixation B,1,274,1877595916,1877695678,99762,164.30,461.55,44,13,-1,113.33,78.00
Saccade B,1,285,1877695678,1877762329,66651,184.09,534.57,223.71,719.47,11.93,261.07,0.50,179.03,5149.19,3687.56,4418.37
Blink B,1,73,1877762329,1877862060,99731
Fixation B,1,275,1877895294,1878061676,166382,546.91,633.80,75,19,-1,137.20,101.80
Saccade B,1,286,1878061676,1878128295,66619,595.38,583.44,607.22,420.90,10.18,225.21,0.50,152.75,4368.51,2452.17,3410.34
Fixation B,1,276,1878128295,1878194793,66498,606.91,392.55,2,15,-1,133.00,77.50
Saccade B,1,287,1878194793,1878261413,66620,610.35,379.48,604.22,344.62,1.95,48.82,0.50,29.25,1297.00,513.78,905.39
Fixation B,1,277,1878261413,1878427795,166382,633.78,292.59,41,93,-1,130.20,67.60
Saccade B,1,288,1878427795,1878494293,66498,644.13,267.66,655.52,316.56,2.71,69.32,0.50,40.77,1818.98,597.67,1208.32
Fixation B,1,278,1878494293,1878561035,66742,640.65,308.91,4,2,-1,130.00,60.00
Blink B,1,74,1878561035,1878693939,132904
Blink B,1,75,1878727325,1878893707,166382
Fixation B,1,279,1878926910,1879060058,133148,617.33,358.86,14,98,-1,132.50,69.25
Saccade B,1,289,1879060058,1879126556,66498,577.56,431.20,540.27,341.50,6.28,134.73,0.50,94.41,4368.72,2351.77,3360.25
Fixation B,1,280,1879126556,1879293060,166504,492.12,355.45,67,30,-1,131.60,75.00
Saccade B,1,290,1879293060,1879359436,66376,465.72,375.88,464.70,405.35,1.57,41.05,0.50,23.68,1067.95,510.66,789.31
Fixation B,1,281,1879359436,1879426055,66619,424.80,412.49,41,3,-1,127.00,76.50
Blink B,1,76,1879426055,1880224670,798615
Fixation B,1,282,1880224670,1880291168,66498,955.90,465.24,131,49,-1,117.00,65.50
Saccade B,1,291,1880291168,1880357818,66650,929.36,469.43,1105.14,684.24,15.06,384.62,0.50,225.93,9616.53,7803.85,8710.19
Saccade B,1,292,1880391052,1880524169,133117,956.80,506.30,760.41,562.09,14.01,151.99,0.50,105.24,5832.47,2888.23,4399.85
Fixation B,1,283,1880524169,1880690551,166382,733.56,583.95,41,35,-1,92.40,56.20
Saccade B,1,293,1880690551,1880857086,166535,685.87,595.92,912.15,1154.19,29.77,357.50,0.50,178.75,10528.62,1159.14,4899.17
Saccade B,1,294,1880923400,1880989929,66529,801.14,1127.45,14.60,462.10,59.67,1427.52,0.50,896.97,40556.02,18928.45,29742.24
Fixation B,1,284,1881688934,1881788543,99609,629.92,350.24,129,196,-1,130.67,82.00
Saccade B,1,295,1881788543,1881855163,66620,589.66,247.57,518.68,300.10,5.31,121.91,0.50,79.76,4773.26,3372.38,4072.82
Saccade B,1,296,1881888458,1882021545,133087,558.41,414.38,628.72,543.15,9.80,120.77,0.50,73.67,4545.94,565.60,2615.45
Blink B,1,77,1882054809,1882454071,399262
Fixation B,1,285,1882454071,1882520690,66619,621.20,495.09,5,6,-1,131.50,81.00
Blink B,1,78,1882520690,1882854125,333435
Fixation B,1,286,1882854125,1882919921,65796,651.04,595.92,4,5,-1,135.50,85.00
Blink B,1,79,1882919921,1883419067,499146
Fixation B,1,287,1883419067,1883585418,166351,683.11,543.85,12,60,-1,131.40,75.80
Saccade B,1,297,1883585418,1883652069,66651,682.00,578.06,685.99,605.28,1.47,37.98,0.50,22.12,1496.55,1325.16,1410.86
Fixation B,1,288,1883652069,1883818450,166381,688.74,605.70,6,19,-1,136.80,74.20
Saccade B,1,298,1883818450,1883885070,66620,692.51,641.88,682.76,531.41,6.56,153.80,0.50,98.45,5924.50,1289.35,3606.92
Blink B,1,80,1883918182,1884184448,266266
Fixation B,1,289,1884217681,1884384063,166382,675.18,553.51,8,63,-1,139.40,83.60
Blink B,1,81,1884384063,1885116180,732117
Fixation B,1,290,1885149444,1885282562,133118,573.71,419.95,5,3,-1,121.00,79.50
Saccade B,1,299,1885282562,1885449157,166595,564.98,415.54,560.58,416.78,3.23,19.05,0.50,19.40,1775.78,445.27,1024.70
Fixation B,1,291,1885449157,1885615295,166138,557.47,419.45,8,6,-1,110.40,73.60
Saccade B,1,300,1885615295,1885681823,66528,555.99,424.72,547.64,427.51,0.63,12.19,0.50,9.48,497.49,364.87,431.18
Saccade B,1,301,1885715057,1885781707,66650,546.70,433.00,555.62,427.72,0.69,14.31,0.50,10.37,593.00,166.90,379.95
Saccade B,1,302,1885814941,1885948059,133118,553.44,430.24,839.30,482.97,11.12,38.41,0.50,83.54,9340.64,238.54,4074.55
Fixation B,1,292,1885948059,1886014556,66497,842.94,482.27,7,1,-1,117.00,76.50
Saccade B,1,303,1886014556,1886081268,66712,845.37,482.61,859.85,500.14,1.12,31.40,0.50,16.81,941.49,368.56,655.03
Fixation B,1,293,1886081268,1886181091,99823,862.62,505.77,7,5,-1,121.00,80.00
Saccade B,1,304,1886181091,1886247558,66467,854.23,501.08,692.26,443.01,8.23,238.64,0.50,123.84,6908.90,156.07,3532.49
Fixation B,1,294,1886247558,1886613555,365997,651.90,431.94,11,14,-1,125.25,81.08
Saccade B,1,305,1886613555,1886680053,66498,651.77,437.63,617.02,459.91,2.17,57.20,0.50,32.62,1784.84,391.20,1088.02
Fixation B,1,295,1886680053,1886780029,99976,597.59,489.54,5,4,-1,123.67,75.00
Blink B,1,82,1886780029,1886913116,133087
Saccade B,1,306,1886946319,1887013031,66712,594.85,464.26,605.30,462.59,0.65,14.66,0.50,9.80,585.70,506.56,546.13
Fixation B,1,296,1887013031,1887145935,132904,598.49,460.17,7,5,-1,124.50,76.50
Blink B,1,83,1887145935,1887279144,133209
Fixation B,1,297,1887279144,1887578552,299408,603.34,455.37,14,16,-1,126.00,79.11
Saccade B,1,307,1887578552,1887645141,66589,579.79,428.52,608.97,477.47,4.58,78.98,0.50,68.75,4118.75,2201.49,3160.12
Fixation B,1,298,1887645141,1887711700,66559,598.88,450.90,20,44,-1,126.00,80.00
Saccade B,1,308,1887711700,1887811462,99762,553.63,427.95,428.94,484.43,10.94,205.81,0.50,109.63,6747.55,4905.37,5809.27
Fixation B,1,299,1887811462,1887944549,133087,420.82,473.63,8,8,-1,102.75,79.50
Saccade B,1,309,1887944549,1888011199,66650,413.11,477.55,425.70,475.74,1.14,17.63,0.50,17.10,976.28,836.13,906.20
Fixation B,1,300,1888011199,1888077728,66529,425.21,474.88,6,4,-1,102.00,78.50
Saccade B,1,310,1888077728,1888144195,66467,423.63,478.57,405.43,485.08,0.99,26.81,0.50,14.89,852.72,354.10,603.41
Saccade B,1,311,1888177551,1888244079,66528,413.46,492.23,426.39,484.60,0.88,20.78,0.50,13.25,656.17,176.03,416.10
Saccade B,1,312,1888277343,1888343963,66620,487.51,557.03,411.98,492.60,8.86,137.68,0.50,132.92,7985.79,3766.84,5876.32
Fixation B,1,301,1888343963,1888443695,99732,419.99,479.66,12,14,-1,99.00,77.67
Saccade B,1,313,1888443695,1888543548,99853,445.21,472.00,434.32,481.48,2.01,27.86,0.50,20.10,1497.62,343.70,972.56
Fixation B,1,302,1888543548,1888709960,166412,434.72,495.12,6,6,-1,102.20,79.20
Saccade B,1,314,1888709960,1888776428,66468,493.14,568.89,416.77,502.26,9.14,140.56,0.50,137.48,8249.64,4040.04,6144.84
Blink B,1,84,1888776428,1889275665,499237
Fixation B,1,303,1889342193,1889674926,332733,785.86,504.36,227,66,-1,121.80,73.20
Saccade B,1,315,1889674926,1889741455,66529,694.57,517.72,679.35,524.03,1.28,22.84,0.50,19.23,258.74,226.82,242.78
Fixation B,1,304,1889741455,1889841308,99853,667.84,524.51,15,6,-1,125.33,81.67
Saccade B,1,316,1889841308,1889941162,99854,655.76,535.36,642.19,546.15,2.35,26.97,0.50,23.56,1296.81,909.72,1086.04
Blink B,1,85,1889974426,1890506835,532409
Fixation B,1,305,1890573333,1890806304,232971,752.40,601.01,21,61,-1,122.71,74.71
Saccade B,1,317,1890806304,1890872924,66620,746.20,600.24,733.13,600.43,0.83,18.11,0.50,12.52,639.87,461.09,550.48
Fixation B,1,306,1890872924,1890972717,99793,725.69,594.40,12,14,-1,126.67,77.00
Saccade B,1,318,1890972717,1891039184,66467,713.03,583.98,716.19,504.18,3.99,110.76,0.50,60.07,3251.06,265.21,1758.13
Fixation B,1,307,1891039184,1891272186,233002,649.32,558.42,98,49,-1,128.29,81.57
Blink B,1,86,1891272186,1891471832,199646
Fixation B,1,308,1891471832,1891538330,66498,415.85,604.15,44,4,-1,117.00,77.50
Saccade B,1,319,1891538330,1891605072,66742,438.92,640.61,325.23,616.40,8.00,161.22,0.50,119.94,7064.34,3929.79,5497.06
Fixation B,1,309,1891605072,1891704681,99609,271.19,611.12,68,21,-1,106.33,63.67
Saccade B,1,320,1891704681,1891771423,66742,177.85,580.65,123.07,622.08,6.20,95.17,0.50,92.86,3028.11,1157.90,2093.00
Fixation B,1,310,1891771423,1891871063,99640,38.57,560.68,74,24,-1,90.33,59.67
Saccade B,1,321,1891871063,1891937713,66650,-7.38,492.03,61.65,338.19,10.51,233.65,0.50,157.73,5049.83,2744.72,3897.28
Saccade B,1,322,1892004180,1892070831,66651,-260.46,217.89,96.02,258.89,32.58,497.22,0.50,488.80,29264.47,15799.69,22532.08
Saccade B,1,323,1892104064,1892170593,66529,-24.14,275.55,246.19,239.55,20.77,377.89,0.50,312.15,18744.08,9792.13,14268.11
Saccade B,1,324,1892203826,1892270446,66620,320.80,283.41,562.27,393.07,15.26,365.80,0.50,228.99,8223.97,1941.70,5082.83
Fixation B,1,311,1892270446,1892370208,99762,725.59,500.44,64,23,-1,129.00,75.33
Saccade B,1,325,1892702941,1892836059,133118,149.88,1736.22,1039.67,502.96,121.89,2224.33,0.50,915.68,129129.13,2165.85,58735.03
Saccade B,1,326,1892869323,1892935943,66620,982.99,441.62,1028.37,515.46,7.84,119.66,0.50,117.70,7017.26,5991.35,6504.31
Fixation B,1,312,1892935943,1893069152,133209,1000.19,551.55,68,20,-1,122.75,67.00
Saccade B,1,327,1893069152,1893168945,99793,936.86,519.89,869.03,518.35,5.82,96.12,0.50,58.37,2953.08,1765.34,2531.11
Fixation B,1,313,1893168945,1893634704,465759,732.08,534.04,119,44,-1,131.64,81.21
Saccade B,1,328,1893634704,1893701324,66620,729.37,558.07,738.62,581.83,1.82,35.37,0.50,27.38,1027.64,557.72,792.68
Fixation B,1,314,1893701324,1893867706,166382,791.41,598.78,83,34,-1,123.00,77.20
Saccade B,1,329,1893867706,1894233703,365997,697.05,503.19,470.44,1013.68,100.96,524.46,0.50,275.85,23563.21,5326.93,9624.09
Saccade B,1,330,1895032318,1895265350,233032,1212.73,347.47,1255.70,483.96,50.25,174.06,0.50,215.64,52351.61,3641.42,16414.14
Fixation B,1,315,1895265350,1895365173,99823,1246.06,488.01,25,10,-1,50.67,34.33
Saccade B,1,331,1895365173,1895431579,66406,1221.09,506.66,1365.34,512.48,7.36,200.59,0.50,110.83,6417.47,588.31,3502.89
Saccade B,1,332,1895464965,1895564697,99732,1393.06,581.49,473.16,520.13,44.09,762.18,0.50,442.08,23091.43,1340.04,10887.46
Fixation B,1,316,1895564697,1895664581,99884,439.51,556.45,149,17,-1,121.67,82.00
Saccade B,1,333,1895664581,1895731048,66467,561.83,587.07,654.21,571.42,6.79,129.97,0.50,102.23,2322.22,789.65,1555.94
Fixation B,1,317,1895731048,1895897583,166535,733.85,580.44,153,32,-1,130.60,91.00
Saccade B,1,334,1895897583,1895963958,66375,689.76,581.77,419.93,640.98,18.15,383.86,0.50,273.44,7093.68,6068.59,6581.13
Fixation B,1,318,1895963958,1896030578,66620,441.38,632.31,28,0,-1,112.00,91.00
Blink B,1,87,1896030578,1896130340,99762
Fixation B,1,319,1896130340,1896197082,66742,564.23,601.72,14,8,-1,121.50,96.50
Saccade B,1,335,1896230194,1896296691,66497,553.65,611.16,815.88,593.67,13.39,364.18,0.50,201.42,11882.94,1393.70,6638.32
Fixation B,1,320,1896296691,1896529693,233002,937.48,618.49,39,9,-1,109.00,100.29
Saccade B,1,336,1896529693,1896596191,66498,766.80,593.36,505.38,632.08,19.03,366.20,0.50,286.22,5864.98,5380.01,5622.50
Fixation B,1,321,1896596191,1896795959,199768,534.04,603.84,29,15,-1,119.17,105.17
Saccade B,1,337,1896795959,1896862457,66498,559.51,600.47,570.62,590.28,1.10,20.85,0.50,16.50,421.02,244.97,333.00
Fixation B,1,322,1896862457,1896962310,99853,583.10,588.18,11,16,-1,120.67,105.67
Saccade B,1,338,1896962310,1897062072,99762,607.74,563.87,875.84,505.27,13.82,360.08,0.50,138.54,10234.51,319.87,3668.49
Fixation B,1,323,1897062072,1897128723,66651,1024.70,499.82,13,14,-1,103.50,94.00
Blink B,1,88,1897128723,1897494689,365966
Fixation B,1,324,1897527984,1897727569,199585,505.88,545.84,28,29,-1,121.83,107.50
Saccade B,1,339,1897727569,1897860717,133148,518.69,524.84,550.91,492.90,2.02,25.05,0.50,15.19,534.67,169.23,397.92
Fixation B,1,325,1897860717,1897993804,133087,552.21,490.19,2,6,-1,133.25,106.75
Saccade B,1,340,1897993804,1898093719,99915,556.35,480.53,565.98,490.37,1.48,20.78,0.50,14.77,928.59,365.47,717.11
Fixation B,1,326,1898093719,1898426452,332733,591.95,530.01,66,66,-1,134.90,105.40
Saccade B,1,341,1898426452,1898526214,99762,655.26,563.04,420.10,542.88,12.18,173.11,0.50,122.07,5804.26,557.10,2407.58
Blink B,1,89,1898559600,1898659362,99762
Fixation B,1,327,1898692565,1898925598,233033,669.36,604.07,78,17,-1,134.14,112.43
Saccade B,1,342,1898925598,1898992034,66436,629.87,593.03,619.25,589.42,0.93,15.51,0.50,14.02,93.24,70.01,81.63
Saccade B,1,343,1899025360,1899091979,66619,583.01,581.57,320.19,578.54,13.45,364.55,0.50,201.90,9840.47,827.99,5334.23
Fixation B,1,328,1899091979,1899158325,66346,315.99,564.87,11,6,-1,122.00,111.00
Saccade B,1,344,1899158325,1899258361,100036,325.25,556.26,370.05,543.72,2.43,36.19,0.50,24.33,910.97,241.93,505.28
Fixation B,1,329,1899258361,1899524291,265930,404.78,536.26,33,10,-1,126.13,111.25
Saccade B,1,345,1899524291,1899590942,66651,407.72,543.68,398.69,543.88,0.74,12.47,0.50,11.09,393.24,155.34,274.29
Fixation B,1,330,1899590942,1899724060,133118,398.43,547.37,6,5,-1,125.00,103.75
Saccade B,1,346,1899724060,1899790679,66619,399.19,547.27,383.23,553.03,0.90,23.51,0.50,13.53,612.61,257.71,435.16
Blink B,1,90,1899790679,1900090057,299378
Fixation B,1,331,1900090057,1900223175,133118,1142.23,617.17,55,45,-1,113.75,80.25
Saccade B,1,347,1900223175,1900289733,66558,1097.98,590.98,1034.80,524.02,6.55,127.57,0.50,98.38,3283.11,1780.09,2531.60
Saccade B,1,348,1900356292,1900422821,66529,965.96,462.34,570.42,447.09,21.01,548.00,0.50,315.75,14093.92,1719.18,7906.55
Fixation B,1,332,1900422821,1900522552,99731,359.83,444.50,32,36,-1,102.67,75.33
Saccade B,1,349,1900522552,1900622436,99884,433.82,437.88,506.34,495.59,7.82,105.32,0.50,78.26,3335.40,2601.45,2904.57
Fixation B,1,333,1900622436,1900688964,66528,541.09,529.61,48,36,-1,117.50,78.50
Blink B,1,91,1900688964,1900789031,100067
Blink B,1,92,1900822052,1901221435,399383
Fixation B,1,334,1901254699,1901620697,365998,823.10,535.00,170,57,-1,124.18,85.18
Blink B,1,93,1901620697,1901920196,299499
Blink B,1,94,1901953582,1902386230,432648
Fixation B,1,335,1902386230,1902585937,199707,756.86,558.65,81,43,-1,126.67,87.33
Saccade B,1,350,1902585937,1902652343,66406,731.58,506.55,713.28,534.86,3.10,46.85,0.50,46.75,2779.90,1301.60,2040.75
Fixation B,1,336,1902652343,1902785583,133240,719.63,536.69,6,12,-1,131.50,91.50
Saccade B,1,351,1902785583,1902852081,66498,727.14,544.68,715.59,540.62,1.01,16.96,0.50,15.20,856.68,665.98,761.33
Fixation B,1,337,1902852081,1902918487,66406,920.61,542.63,471,16,-1,120.00,90.00
