Saccade B,1,1,336536743,336603240,66497,552.57,995.55,645.28,750.74,14.04,362.73,0.50,211.10,10813.94,1792.33,6303.14
Fixation B,1,1,336603240,336703124,99884,684.97,704.05,52,34,-1,126.67,109.67
Blink B,1,1,336703124,337302368,599244
Fixation B,1,2,337335479,337468688,133209,571.32,728.38,37,19,-1,126.25,111.50
Saccade B,1,2,337468688,337535095,66407,593.52,745.92,601.24,726.46,1.27,29.09,0.50,19.07,1081.31,494.82,788.06
Fixation B,1,3,337535095,337701477,166382,613.05,729.63,24,16,-1,129.60,111.80
Saccade B,1,3,337701477,337768127,66650,642.70,733.99,688.76,688.04,3.79,90.24,0.50,56.93,2198.96,531.72,1365.34
Fixation B,1,4,337768127,337967834,199707,726.51,678.70,42,9,-1,123.67,108.83
Saccade B,1,4,337967834,338034332,66498,741.16,687.19,740.77,699.00,0.71,16.44,0.50,10.69,362.68,215.84,289.26
Fixation B,1,5,338034332,338233886,199554,726.98,692.95,22,32,-1,125.00,111.33
Saccade B,1,5,338233886,338300476,66590,702.18,680.18,697.56,665.89,1.25,20.76,0.50,18.77,709.34,320.53,514.93
Fixation B,1,6,338300476,338533355,232879,687.53,644.64,17,17,-1,123.29,108.57
Saccade B,1,6,338533355,338599975,66620,673.97,641.92,667.42,635.62,0.70,12.55,0.50,10.52,483.12,310.01,396.56
Saccade B,1,7,338633209,338699707,66498,663.74,641.41,661.61,635.02,0.53,9.30,0.50,7.98,476.61,263.70,370.15
Saccade B,1,8,338732971,338799682,66711,696.43,634.59,769.73,622.98,5.16,101.80,0.50,77.35,1732.15,1475.14,1603.65
Fixation B,1,7,338799682,338966064,166382,754.74,618.44,32,9,-1,120.80,107.20
Saccade B,1,9,338966064,339032470,66406,730.54,613.40,779.88,650.71,3.37,85.95,0.50,50.81,3062.81,406.91,1734.86
Fixation B,1,8,339032470,339198852,166382,779.96,669.32,33,10,-1,121.40,108.00
Saccade B,1,10,339198852,339298828,99976,745.54,664.48,943.40,712.38,10.06,175.91,0.50,100.63,3787.91,148.72,2021.75
Fixation B,1,9,339298828,339598358,299530,837.39,693.00,166,30,-1,123.89,114.33
Blink B,1,2,339598358,339964294,365936
Fixation B,1,10,339964294,340030731,66437,1282.50,791.74,31,63,-1,109.50,125.00
Saccade B,1,11,340030731,340163879,133148,1212.81,726.35,904.79,665.28,15.09,158.91,0.50,113.32,5053.36,979.48,2573.53
Fixation B,1,11,340163879,340330474,166595,837.40,666.94,133,16,-1,120.80,120.40
Blink B,1,3,340330474,340696533,366059
Fixation B,1,12,340729705,340995635,265930,813.72,762.57,84,29,-1,124.75,113.25
Saccade B,1,12,340995635,341062469,66834,791.91,770.58,810.31,737.83,2.26,51.91,0.50,33.77,1099.65,488.22,793.93
Fixation B,1,13,341062469,341162322,99853,819.69,725.81,14,6,-1,130.67,114.67
Saccade B,1,13,341162322,341228698,66376,826.39,730.64,844.03,755.05,1.49,41.93,0.50,22.45,1200.76,284.81,742.78
Fixation B,1,14,341228698,341328430,99732,857.41,773.33,9,26,-1,129.33,121.00
Saccade B,1,14,341328430,341395080,66650,820.38,866.65,700.05,993.85,12.17,240.87,0.50,182.56,3806.81,3266.83,3536.82
Saccade B,1,15,341461608,341661224,199616,1151.12,3057.77,1784.87,2024.07,4358.37,3257.21,0.50,21833.78,4308846.69,64988.56,998999.90
Saccade B,1,16,341827636,341960815,133179,1638.51,434.75,1247.76,1794.54,106000.76,3572.54,0.50,795927.01,119077324.59,85553.11,35976589.21
Saccade B,1,17,341993957,342060577,66620,1255.92,1805.20,2109.13,2576.10,52.98,1571.76,0.51,795.22,59620158.32,46064.86,29833111.59
Saccade B,1,18,342093749,342160247,66498,-1196.74,2771.52,4777.32,2456.35,415.27,8162.39,0.51,6244.92,369540.45,122604.60,246072.52
Saccade B,1,19,342193603,342326629,133026,812.68,987.25,812.68,987.25,351.16,3704.37,0.50,2639.75,274434.06,111158.92,172255.58
Saccade B,1,20,342359985,342493072,133087,247.80,-895.54,0.00,0.00,351.72,2856.17,0.50,2642.77,187970.13,81435.30,135997.15
Fixation B,1,15,342559600,342759185,199585,416.11,620.54,174,48,-1,129.67,119.67
Saccade B,1,21,342759185,342825836,66651,445.08,670.94,309.07,584.48,10.54,223.11,0.50,158.11,5636.49,3941.09,4788.79
Fixation B,1,16,342825836,342892333,66497,369.90,574.59,39,10,-1,126.50,120.00
Saccade B,1,22,342892333,342992187,99854,414.78,599.90,387.25,532.39,6.80,115.73,0.50,68.11,4806.15,742.98,3285.52
Fixation B,1,17,342992187,343291687,299500,471.43,536.20,87,38,-1,128.67,117.11
Saccade B,1,23,343291687,343391479,99792,513.50,553.20,419.40,550.02,4.96,77.79,0.50,49.69,2716.40,127.83,1208.16
Fixation B,1,18,343391479,343557830,166351,438.43,554.33,17,9,-1,130.40,119.20
Saccade B,1,24,343557830,343624420,66590,450.87,558.16,458.17,557.70,0.50,10.14,0.50,7.51,185.13,88.12,136.63
Blink B,1,4,343657714,343990631,332917
Fixation B,1,19,343990631,344090270,99639,519.65,499.91,6,5,-1,128.33,108.67
Saccade B,1,25,344123626,344190124,66498,538.06,506.84,809.26,497.41,12.98,376.03,0.50,195.18,10983.82,365.48,5674.65
Fixation B,1,20,344190124,344556121,365997,953.78,476.35,101,54,-1,115.18,106.27
Saccade B,1,26,344556121,344622772,66651,885.59,470.15,914.94,483.54,1.85,44.66,0.50,27.79,1550.24,151.31,850.78
Fixation B,1,21,344622772,344689361,66589,911.16,488.47,1,3,-1,113.50,106.50
Saccade B,1,27,344689361,344755767,66406,904.62,491.92,914.12,495.45,0.82,14.05,0.50,12.30,709.28,389.19,549.24
Saccade B,1,28,344789215,344855621,66406,716.55,494.59,422.05,504.01,22.37,408.67,0.50,336.84,7706.86,4327.34,6017.10
Fixation B,1,22,344855621,344955505,99884,423.50,500.89,76,16,-1,115.67,104.33
Saccade B,1,29,344955505,345055236,99731,492.98,491.22,114.60,554.41,19.17,442.47,0.50,192.18,10626.93,120.26,4927.22
Fixation B,1,23,345055236,345121978,66742,131.21,557.47,13,3,-1,100.00,110.00
Saccade B,1,30,345121978,345221740,99762,166.36,534.70,251.38,531.00,5.67,60.90,0.50,56.85,1389.15,899.93,1080.53
Fixation B,1,24,345221740,345421325,199585,321.90,518.34,69,19,-1,112.67,104.83
Saccade B,1,31,345421325,345554534,133209,352.20,508.79,649.66,599.35,11.91,25.53,0.50,89.39,7898.76,216.23,2589.75
Fixation B,1,25,345554534,345687591,133057,643.26,590.08,20,16,-1,118.75,99.50
Saccade B,1,32,345687591,345787475,99884,674.69,567.24,1288.89,520.85,30.47,479.89,0.50,305.00,9198.35,2416.18,4991.03
Fixation B,1,26,345787475,346120269,332794,1107.64,509.99,236,8,-1,101.50,98.40
Saccade B,1,33,346120269,346186737,66468,1011.75,512.10,978.54,505.22,1.64,47.08,0.50,24.63,1468.86,308.76,888.81
Fixation B,1,27,346186737,346253356,66619,971.22,505.49,5,1,-1,108.50,102.00
Saccade B,1,34,346253356,346353118,99762,959.64,504.22,930.97,498.32,1.84,33.16,0.50,18.40,815.08,210.81,548.71
Fixation B,1,28,346353118,346452972,99854,908.53,495.74,13,3,-1,116.33,106.33
Saccade B,1,35,346452972,346519500,66528,898.77,495.55,886.47,496.19,0.71,17.01,0.50,10.74,380.65,146.23,263.44
Fixation B,1,29,346519500,346619445,99945,869.86,494.20,24,0,-1,115.33,105.33
Saccade B,1,36,346619445,346719116,99671,847.27,495.53,819.46,493.74,1.75,23.55,0.50,17.57,320.19,160.85,246.39
Fixation B,1,30,346719116,347051849,332733,768.83,498.15,63,19,-1,121.00,107.30
Saccade B,1,37,347051849,347218383,166534,737.47,507.87,1066.90,548.05,30.30,301.60,0.50,181.97,17925.97,146.90,8013.26
Fixation B,1,31,347218383,347484466,266083,963.18,512.98,229,70,-1,115.38,110.50
Saccade B,1,38,347484466,347551116,66650,803.75,468.61,869.12,605.14,8.60,209.75,0.50,129.05,7343.74,115.52,3729.63
Fixation B,1,32,347551116,347650848,99732,862.01,687.27,39,35,-1,121.33,114.33
Saccade B,1,39,347650848,347717468,66620,847.16,657.32,655.39,536.69,11.15,313.95,0.50,167.38,9103.12,257.96,4680.54
Fixation B,1,33,347717468,347817321,99853,557.75,465.33,50,3,-1,129.00,106.00
Saccade B,1,40,347883850,348016876,133026,717.01,481.13,139.60,717.08,31.51,410.70,0.50,236.86,11520.63,769.73,5854.61
Fixation B,1,34,348016876,348149963,133087,350.27,675.92,221,55,-1,125.25,129.00
Saccade B,1,41,348149963,348216613,66650,496.45,624.46,407.54,741.72,8.86,203.91,0.50,132.93,7863.30,1172.43,4517.87
Saccade B,1,42,348283142,348349609,66467,513.35,877.30,595.86,644.22,20.69,342.94,0.50,311.32,18397.86,9963.84,14180.85
Saccade B,1,43,348382965,348515991,133026,680.88,677.12,616.65,743.26,12.82,204.74,0.50,96.37,8482.60,973.08,5063.23
Saccade B,1,44,348549377,348615875,66498,640.11,730.71,734.77,519.51,11.88,320.70,0.50,178.72,8793.25,516.95,4655.10
Fixation B,1,35,348649139,349048461,399322,618.13,450.59,95,97,-1,135.25,109.25
Blink B,1,5,349048461,349414520,366059
Fixation B,1,36,349414520,349680755,266235,1063.93,520.68,183,49,-1,106.25,103.38
Saccade B,1,45,349680755,349747344,66589,973.00,719.02,919.72,1032.56,23.44,439.90,0.50,351.95,7373.95,5431.30,6402.62
Saccade B,1,46,349980102,350046813,66711,771.74,1145.13,4463.41,6538.00,315.63,9022.99,0.50,4731.30,258985.76,37173.84,148079.80
Saccade B,1,47,350179840,350246459,66619,306.63,2173.61,25133.38,-31682.44,2014.55,58176.07,0.50,30239.88,1800888.56,68236.46,934562.51
Saccade B,1,48,350579101,350712249,133148,1931.39,1116.59,0.00,0.00,282.97,2496.16,0.50,2125.22,150155.37,58999.12,116414.20
Fixation B,1,37,350812103,350978546,166443,702.48,546.31,27,14,-1,129.40,110.80
Saccade B,1,49,350978546,351044982,66436,693.52,564.03,527.42,490.33,8.91,252.28,0.50,134.10,7679.52,422.10,4050.81
Fixation B,1,38,351044982,351178100,133118,500.37,490.82,38,29,-1,136.75,116.00
Saccade B,1,50,351178100,351244598,66498,538.29,511.13,387.38,489.98,7.96,211.17,0.50,119.66,7193.59,592.86,3893.23
Blink B,1,6,351311218,352309478,998260
Fixation B,1,39,352309478,352442626,133148,592.11,353.88,33,68,-1,132.50,96.25
Saccade B,1,51,352442626,352509094,66468,598.80,406.04,469.92,425.80,6.99,180.85,0.50,105.09,5008.38,679.12,2843.75
Fixation B,1,40,352509094,352575592,66498,480.69,442.06,1,13,-1,127.50,106.50
Blink B,1,7,352575592,352875091,299499
Fixation B,1,41,352875091,352941711,66620,574.75,396.93,8,6,-1,133.00,102.00
Blink B,1,8,352941711,353274597,332886
Fixation B,1,42,353274597,353374359,99762,536.13,629.07,6,7,-1,130.33,116.67
Saccade B,1,52,353374359,353440856,66497,537.40,622.46,537.21,614.11,0.52,11.63,0.50,7.75,290.31,280.42,285.37
Fixation B,1,43,353440856,353806884,366028,529.07,610.85,11,7,-1,127.45,117.18
Saccade B,1,53,353806884,353873352,66468,531.37,621.00,562.97,654.87,2.59,64.25,0.50,38.99,1565.21,356.90,961.05
Fixation B,1,44,353906707,354971588,1064881,561.49,628.27,25,35,-1,128.45,115.21
Saccade B,1,54,354971588,355073974,102386,560.23,618.98,560.48,475.09,7.17,123.34,0.48,70.00,2473.29,42.29,1571.29
Fixation B,1,45,355073974,355437347,363373,530.85,450.49,8,9,-1,122.55,101.82
Saccade B,1,55,355437347,355503845,66498,526.15,446.31,491.77,412.87,2.45,66.09,0.50,36.86,1760.79,228.86,994.82
Fixation B,1,46,355503845,355636962,133117,501.62,408.86,9,6,-1,121.25,98.75
Saccade B,1,56,355636962,355703582,66620,506.69,402.56,518.11,395.10,0.72,18.81,0.50,10.80,505.78,122.48,314.13
Fixation B,1,47,355703582,355836608,133026,521.64,383.70,13,21,-1,127.00,98.50
Saccade B,1,57,355836608,355903228,66620,529.55,369.58,519.30,367.91,0.64,14.35,0.50,9.61,409.85,328.51,369.18
Fixation B,1,48,355903228,356136108,232880,506.78,368.18,16,7,-1,123.43,97.57
Saccade B,1,58,356136108,356202728,66620,494.16,373.34,501.72,368.13,0.63,12.73,0.50,9.53,563.75,71.33,317.54
Fixation B,1,49,356202728,356335723,132995,509.39,356.58,13,8,-1,130.00,97.75
Saccade B,1,59,356335723,356402465,66742,510.26,355.01,518.30,350.76,0.75,12.56,0.50,11.20,666.82,512.77,589.79
Saccade B,1,60,356435607,356502105,66498,511.15,367.64,535.58,498.57,7.26,184.72,0.50,109.22,4834.18,1273.62,3053.90
Fixation B,1,50,356502105,356801635,299530,577.81,504.06,91,52,-1,137.56,115.67
Saccade B,1,61,356801635,356868225,66590,635.73,481.22,656.86,479.37,1.53,29.45,0.50,23.05,406.21,86.29,246.25
Fixation B,1,51,356868225,357300720,432495,638.20,411.11,20,82,-1,138.69,108.23
Blink B,1,9,357300720,357600219,299499
Fixation B,1,52,357600219,357733367,133148,964.61,532.49,212,59,-1,119.50,120.50
Saccade B,1,62,357733367,357833221,99854,788.23,471.57,661.20,435.15,9.97,120.13,0.50,99.87,1760.70,248.56,909.69
Fixation B,1,53,357833221,358066101,232880,609.62,418.76,40,16,-1,134.71,106.57
Saccade B,1,63,358066101,358132629,66528,615.25,410.95,626.02,410.17,0.75,14.98,0.50,11.26,225.91,40.87,133.39
Fixation B,1,54,358132629,358298980,166351,658.97,407.01,48,4,-1,133.00,104.60
Saccade B,1,64,358298980,358465362,166382,703.69,407.70,437.14,434.24,15.12,40.94,0.50,90.90,10837.03,57.29,4004.35
Saccade B,1,65,358498748,358565216,66468,487.09,448.55,283.02,468.29,11.83,284.35,0.50,178.04,10593.76,3047.52,6820.64
Fixation B,1,55,358565216,358631744,66528,158.69,516.44,109,9,-1,110.00,109.50
Saccade B,1,66,358631744,358764923,133179,287.61,527.62,377.63,531.46,12.24,123.17,0.50,91.87,6490.88,1185.47,3389.47
Fixation B,1,56,358798431,359031097,232666,428.88,557.38,89,33,-1,124.57,119.14
Blink B,1,10,359031097,359130981,99884
Fixation B,1,57,359130981,359430480,299499,690.08,700.83,76,51,-1,127.67,117.11
Saccade B,1,67,359430480,359496978,66498,710.54,696.33,772.18,733.41,4.55,99.76,0.50,68.48,1892.34,1407.32,1649.83
Fixation B,1,58,359496978,359696594,199616,817.03,760.00,45,13,-1,126.17,117.33
Saccade B,1,68,359696594,359796478,99884,838.36,728.87,737.32,491.82,13.15,187.46,0.50,131.64,4316.94,913.13,2120.10
Fixation B,1,59,359796478,359896240,99762,718.12,471.32,14,5,-1,133.67,110.33
Saccade B,1,69,359896240,359962860,66620,708.11,440.69,685.92,382.48,4.44,86.41,0.50,66.71,1634.06,1286.49,1460.27
Fixation B,1,60,359962860,360262359,299499,612.26,401.08,136,45,-1,133.67,102.11
Saccade B,1,70,360262359,360328918,66559,522.37,417.79,501.56,419.62,1.76,28.98,0.50,26.40,334.98,156.06,245.52
Fixation B,1,61,360328918,360528472,199554,490.02,453.31,36,45,-1,128.00,104.33
Saccade B,1,71,360528472,360595092,66620,464.85,531.83,446.26,467.58,5.80,92.69,0.50,87.13,5172.73,2402.90,3787.81
Blink B,1,11,360661590,360761505,99915
Fixation B,1,62,360761505,360827972,66467,497.04,470.91,4,10,-1,116.50,100.50
Saccade B,1,72,360827972,360894561,66589,501.85,477.04,549.19,607.15,6.51,191.86,0.50,97.79,5694.15,398.18,3046.17
Fixation B,1,63,360894561,360994476,99915,524.60,509.08,8,16,-1,118.67,97.00
Saccade B,1,73,360994476,361160736,166260,563.68,572.06,556.33,544.06,11.36,106.57,0.50,68.35,4843.89,2705.57,3471.35
Saccade B,1,74,361194000,361260589,66589,512.55,496.74,605.74,467.96,7.48,135.40,0.50,112.36,5775.01,1714.40,3744.71
Saccade B,1,75,361293853,361360351,66498,614.42,468.64,626.52,465.86,0.85,17.23,0.50,12.81,296.25,144.70,220.48
Fixation B,1,64,361360351,361493469,133118,633.04,487.76,12,25,-1,138.00,102.00
Saccade B,1,76,361493469,361559967,66498,625.67,559.83,570.10,499.86,6.41,113.40,0.50,96.43,5403.74,2056.06,3729.90
Fixation B,1,65,361559967,361626647,66680,566.88,485.50,8,8,-1,130.00,97.50
Saccade B,1,77,361626647,361826354,199707,564.84,501.93,775.95,637.34,30.02,205.71,0.50,150.30,11374.90,1367.11,6448.04
Saccade B,1,78,361859466,361926086,66620,749.87,603.11,522.30,648.64,12.71,321.59,0.50,190.75,9025.10,2443.79,5734.44
Blink B,1,12,361926086,362059234,133148
Fixation B,1,66,362092498,362258850,166352,694.11,413.42,29,53,-1,135.40,93.80
Saccade B,1,79,362258850,362325378,66528,696.68,407.43,717.95,453.15,3.60,69.94,0.50,54.06,3241.10,1882.30,2561.70
Fixation B,1,67,362325378,362391998,66620,760.52,525.04,32,60,-1,131.50,97.00
Blink B,1,13,362391998,362524963,132965
Fixation B,1,68,362524963,362891082,366119,731.85,612.42,114,70,-1,134.00,97.64
Saccade B,1,80,362891082,363024108,133026,660.11,621.88,680.54,467.77,12.45,101.17,0.50,93.58,7558.62,2045.32,4094.25
Blink B,1,14,363024108,363722991,698883
Fixation B,1,69,363722991,363822723,99732,782.23,471.95,89,53,-1,123.00,80.67
Saccade B,1,81,363822723,363889373,66650,833.54,513.38,858.94,566.28,3.50,81.02,0.50,52.57,1731.23,1103.78,1417.51
Fixation B,1,70,363889373,364155456,266083,920.04,633.39,38,76,-1,111.13,92.00
Saccade B,1,82,364155456,364222106,66650,904.69,655.31,908.14,613.28,2.41,58.22,0.50,36.10,1687.59,461.67,1074.63
Fixation B,1,71,364222106,364688079,465973,816.26,605.90,150,51,-1,115.29,98.36
Saccade B,1,83,364688079,364754516,66437,731.74,614.88,722.52,632.29,1.59,27.24,0.50,24.00,1275.40,856.76,1066.08
Saccade B,1,84,364787719,364854492,66773,713.10,617.68,712.00,605.89,1.09,16.41,0.50,16.35,321.35,121.39,221.37
Fixation B,1,72,364854492,364920837,66345,712.57,603.01,4,0,-1,125.00,100.50
Saccade B,1,85,364920837,364987365,66528,715.92,605.36,715.01,613.55,0.52,11.42,0.50,7.80,246.81,182.91,214.86
Saccade B,1,86,365020721,365087219,66498,718.31,611.03,701.96,585.98,1.72,41.46,0.50,25.85,967.99,560.64,764.32
Fixation B,1,73,365087219,365187103,99884,649.52,555.18,61,35,-1,123.67,92.00
Saccade B,1,87,365187103,365286865,99762,580.80,622.80,490.87,456.24,13.47,204.87,0.50,135.02,9375.55,4139.53,6102.91
Fixation B,1,74,365286865,365653015,366150,486.90,473.18,59,59,-1,117.45,91.82
Saccade B,1,88,365653015,365719482,66467,447.69,465.75,421.96,466.42,1.47,35.53,0.50,22.17,863.07,395.44,629.25
Blink B,1,15,365819366,365919128,99762
Blink B,1,16,365952362,366052215,99853
Fixation B,1,75,366052215,366351715,299500,310.72,360.06,79,166,-1,107.89,78.44
Blink B,1,17,366418365,366784240,365875
Saccade B,1,89,366817596,366917358,99762,949.52,679.66,834.62,660.21,13.23,237.01,0.50,132.59,9522.76,3297.17,5873.69
Fixation B,1,76,366917358,367017242,99884,908.73,636.03,24,4,-1,122.67,112.00
Saccade B,1,90,367017242,367083740,66498,688.36,570.51,324.32,455.21,28.39,529.14,0.50,426.88,9513.30,6151.25,7832.28
Fixation B,1,77,367083740,367183593,99853,-76.71,378.34,217,41,-1,99.67,84.67
Saccade B,1,91,367183593,367316711,133118,-152.75,364.95,162.19,399.48,18.67,250.02,0.50,140.28,10289.97,2958.91,6787.50
Blink B,1,18,367316711,367616210,299499
Fixation B,1,78,367616210,367715972,99762,964.93,859.99,161,63,-1,125.33,107.00
Saccade B,1,92,367715972,367882476,166504,1009.91,850.53,827.94,674.50,17.01,171.30,0.50,102.15,9765.48,1730.16,5046.57
Fixation B,1,79,367882476,367982391,99915,810.53,675.89,42,5,-1,127.33,105.00
Saccade B,1,93,367982391,368081970,99579,824.10,677.07,761.83,643.24,5.18,86.52,0.50,52.06,4199.38,2277.52,3168.42
Fixation B,1,80,368081970,368314971,233001,733.74,604.39,15,31,-1,135.86,109.86
Saccade B,1,94,368314971,368381469,66498,717.94,591.27,614.36,538.89,6.19,160.84,0.50,93.01,4083.83,1036.58,2560.21
Fixation B,1,81,368381469,368547882,166413,658.89,561.53,98,53,-1,137.80,112.60
Saccade B,1,95,368547882,368647735,99853,573.14,544.00,49.78,409.22,31.97,376.83,0.50,320.14,8587.33,244.14,4498.55
Saccade B,1,96,368680969,368747589,66620,-130.47,403.52,109.38,386.20,12.75,332.01,0.50,191.42,11430.49,4539.64,7985.06
Blink B,1,19,368780883,368880615,99732
Saccade B,1,97,368914001,368980499,66498,-6.54,608.12,-140.90,639.35,8.77,191.31,0.50,131.90,7894.62,7826.42,7860.52
Saccade B,1,98,369013732,369080352,66620,-119.30,730.15,151.10,383.85,24.93,609.37,0.50,374.16,18120.83,6449.09,12284.96
Saccade B,1,99,369113586,369346527,232941,243.59,275.53,409.72,240.02,27.21,270.27,0.50,116.82,10930.21,196.03,4992.23
Fixation B,1,82,369346527,369512847,166320,453.62,240.40,71,8,-1,124.20,79.00
Saccade B,1,100,369512847,369579498,66651,497.06,240.63,533.70,243.63,2.47,50.98,0.50,37.01,883.69,518.32,701.01
Fixation B,1,83,369579498,369645996,66498,546.88,224.77,12,7,-1,126.00,74.00
Saccade B,1,101,369645996,369745880,99884,556.85,194.37,601.27,178.09,3.66,42.19,0.50,36.66,1007.24,843.29,911.12
Fixation B,1,84,369745880,369845581,99701,667.92,171.00,56,7,-1,124.67,69.00
Saccade B,1,102,369845581,369912261,66680,694.40,278.91,720.73,538.94,17.25,362.17,0.50,258.65,6275.33,4983.42,5629.37
Fixation B,1,85,369912261,370111846,199585,654.59,709.65,39,104,-1,126.33,115.17
Saccade B,1,103,370111846,370178466,66620,650.30,646.77,665.94,760.39,5.82,158.92,0.50,87.36,5252.15,375.03,2813.59
Fixation B,1,86,370178466,370411987,233521,644.72,787.16,14,34,-1,125.43,119.14
Saccade B,1,104,370411987,370477874,65887,634.06,784.89,632.60,767.87,0.86,24.06,0.50,13.05,753.19,536.25,644.72
Fixation B,1,87,370477874,370544464,66590,623.40,767.70,10,3,-1,130.00,118.00
Saccade B,1,105,370544464,370610961,66497,611.82,777.57,594.88,770.65,1.33,25.36,0.50,19.95,771.52,270.75,521.13
Saccade B,1,106,370644226,370710845,66619,589.45,780.81,579.17,768.13,1.09,22.63,0.50,16.33,834.19,125.66,479.93
Fixation B,1,88,370710845,370843841,132996,563.21,765.19,12,13,-1,137.00,116.25
Blink B,1,20,370843841,371342956,499115
Fixation B,1,89,371342956,371476135,133179,579.71,470.83,162,414,-1,129.75,100.00
Blink B,1,21,371476135,371941986,465851
Fixation B,1,90,371941986,372208221,266235,587.44,188.99,26,95,-1,126.25,69.25
Saccade B,1,107,372208221,372274810,66589,592.84,247.47,584.24,272.94,2.26,37.24,0.50,33.98,408.36,179.76,294.06
Fixation B,1,91,372274810,372540954,266144,591.05,309.04,12,43,-1,120.38,83.25
Saccade B,1,108,372540954,372607482,66528,591.30,328.52,588.01,336.54,0.49,11.95,0.50,7.44,372.84,165.20,269.02
Fixation B,1,92,372607482,372674102,66620,590.33,335.34,2,1,-1,117.50,83.00
Saccade B,1,109,372674102,372740631,66529,599.56,331.71,622.70,317.22,1.65,37.84,0.50,24.74,799.75,227.10,513.42
Fixation B,1,93,372740631,373006866,266235,661.98,347.78,56,44,-1,117.00,81.88
Saccade B,1,110,373006866,373073333,66467,675.85,383.91,659.73,395.59,1.66,27.60,0.50,25.03,880.84,159.55,520.19
Fixation B,1,94,373073333,373505981,432648,646.63,429.90,35,52,-1,118.31,91.00
Saccade B,1,111,373505981,373572479,66498,671.29,443.54,680.31,436.62,1.01,15.77,0.50,15.18,267.77,113.55,190.66
Fixation B,1,95,373572479,373639190,66711,682.20,427.77,4,7,-1,117.50,92.50
Saccade B,1,112,373639190,373705596,66406,675.82,422.28,686.22,418.17,0.73,15.54,0.50,10.95,622.47,244.00,433.24
Fixation B,1,96,373705596,373772125,66529,685.08,413.92,1,3,-1,117.50,91.00
Saccade B,1,113,373772125,373838714,66589,691.91,405.41,678.28,408.22,1.12,19.24,0.50,16.78,972.05,421.06,696.55
Fixation B,1,97,373838714,374038482,199768,684.85,399.74,11,11,-1,122.33,93.67
Blink B,1,22,374038482,374437591,399109
Fixation B,1,98,374470977,374670654,199677,877.82,809.97,139,87,-1,125.33,108.83
Saccade B,1,114,374703857,374770538,66681,820.72,755.83,577.94,559.61,17.41,432.57,0.50,261.08,10317.37,4568.62,7443.00
Fixation B,1,99,374770538,374836975,66437,225.03,402.83,168,62,-1,112.50,86.00
Saccade B,1,115,374836975,374970092,133117,188.04,375.00,185.80,472.08,21.94,145.26,0.50,164.85,14717.58,241.96,8142.54
Fixation B,1,100,374970092,375202972,232880,450.09,469.76,476,45,-1,124.14,99.57
Saccade B,1,116,375202972,375269622,66650,620.80,424.32,394.66,497.65,12.98,329.42,0.50,194.78,8489.55,3139.77,5814.66
Fixation B,1,101,375269622,375336090,66468,249.26,418.30,55,18,-1,111.00,91.00
Saccade B,1,117,375336090,375402770,66680,168.79,382.99,240.01,340.24,6.54,114.99,0.50,98.14,5198.57,325.90,2762.23
Fixation B,1,102,375402770,375502563,99793,288.41,342.73,64,27,-1,110.33,85.67
Saccade B,1,118,375502563,375635620,133057,431.45,389.81,416.32,484.82,14.75,183.77,0.50,110.85,8164.63,1493.07,3141.83
Fixation B,1,103,375635620,375702087,66467,382.96,488.42,66,7,-1,115.00,89.00
Blink B,1,23,375702087,376134735,432648
Fixation B,1,104,376134735,376234649,99914,190.21,415.81,201,57,-1,102.00,76.67
Saccade B,1,119,376234649,376301086,66437,348.97,475.98,417.67,551.73,8.12,141.95,0.50,122.20,1865.52,262.01,1063.77
Fixation B,1,105,376301086,376367614,66528,434.23,517.73,3,21,-1,119.50,91.50
Saccade B,1,120,376367614,376434387,66773,430.87,561.22,386.18,529.13,4.05,75.97,0.50,60.68,3216.65,462.24,1839.44
Fixation B,1,106,376434387,376667083,232696,278.33,459.35,143,104,-1,110.14,89.00
Saccade B,1,121,376667083,376733734,66651,194.74,408.15,145.67,422.80,2.89,70.95,0.50,43.42,1815.65,919.60,1367.62
Fixation B,1,107,376733734,376833465,99731,117.15,460.69,20,42,-1,109.67,84.33
Saccade B,1,122,376833465,376900146,66681,110.26,502.14,80.26,516.11,2.39,45.86,0.50,35.79,1199.25,390.23,794.74
Saccade B,1,123,376966705,377033111,66406,350.29,552.12,785.01,656.06,34.85,621.08,0.50,524.74,13972.32,6023.96,9998.14
Saccade B,1,124,377066650,377132965,66315,1141.87,781.51,1020.25,832.86,9.97,183.79,0.50,150.39,9723.72,7659.77,8691.74
Saccade B,1,125,377166351,377232849,66498,1028.95,687.75,887.48,436.13,18.75,401.48,0.50,281.96,12897.82,8014.74,10456.28
Blink B,1,24,377232849,377465728,232879
Fixation B,1,108,377498962,377698638,199676,615.64,456.59,324,139,-1,121.33,86.17
Saccade B,1,126,377698638,377765228,66590,727.04,356.52,780.16,285.32,4.91,122.76,0.50,73.80,2986.39,678.31,1832.35
Fixation B,1,109,377765228,377831756,66528,791.22,243.18,7,18,-1,120.50,68.50
Blink B,1,25,377831756,378430725,598969
Fixation B,1,110,378430725,378497222,66497,754.29,702.93,50,26,-1,129.00,96.00
Saccade B,1,127,378497222,378563873,66651,673.07,687.75,530.90,671.30,9.16,197.41,0.50,137.37,3604.33,1016.42,2310.37
Fixation B,1,111,378563873,378663604,99731,518.52,684.11,14,16,-1,130.33,104.00
Blink B,1,26,378663604,378829986,166382
Blink B,1,27,378863403,378963104,99701
Fixation B,1,112,378963104,379029724,66620,424.59,673.46,11,8,-1,130.50,99.00
Blink B,1,28,379029724,379196105,166381
Fixation B,1,113,379196105,379262695,66590,441.00,648.54,54,122,-1,131.50,97.00
Saccade B,1,128,379262695,379329101,66406,472.52,722.03,426.23,583.64,7.33,202.76,0.50,110.33,6652.15,5042.23,5847.19
Fixation B,1,114,379329101,379428985,99884,464.01,637.14,50,115,-1,133.67,90.00
Blink B,1,29,379428985,380161102,732117
Blink B,1,30,380194488,380360717,166229
Fixation B,1,115,380393981,380460510,66529,-60.77,869.55,153,90,-1,115.50,101.00
Saccade B,1,129,380460510,380527099,66589,107.74,817.25,263.06,794.68,11.47,216.89,0.50,172.32,4326.23,2694.49,3510.36
Saccade B,1,130,380560363,380626861,66498,168.30,586.23,206.26,418.24,15.82,238.86,0.50,237.96,4822.29,4733.18,4777.74
Fixation B,1,116,380626861,380726867,100006,455.91,288.61,222,57,-1,120.33,80.67
Saccade B,1,131,380726867,380793273,66406,613.72,306.87,731.40,266.63,8.37,173.13,0.50,126.10,3823.35,1697.41,2760.38
Fixation B,1,117,380826629,380992980,166351,786.57,313.73,12,29,-1,126.80,89.60
Blink B,1,31,381059478,381358978,299500
Fixation B,1,118,381392242,381558624,166382,628.57,594.87,9,40,-1,123.40,105.60
Saccade B,1,132,381558624,381625244,66620,623.93,588.06,626.46,601.74,0.91,19.30,0.50,13.68,354.58,264.87,309.72
Fixation B,1,119,381625244,381691741,66497,622.64,611.57,3,8,-1,129.00,104.50
Saccade B,1,133,381691741,381758361,66620,619.84,625.83,615.06,636.37,1.00,16.05,0.50,14.95,151.52,97.52,124.52
Fixation B,1,120,381758361,381858093,99732,607.82,636.76,4,9,-1,130.00,106.00
Saccade B,1,134,381858093,381924621,66528,602.03,638.17,594.95,641.46,0.52,10.82,0.50,7.80,199.14,129.41,164.28
Saccade B,1,135,381958007,382024475,66468,634.57,533.86,594.54,421.31,10.50,165.68,0.50,157.91,4255.51,3133.93,3694.72
Fixation B,1,121,382024475,382257385,232910,566.42,412.89,35,5,-1,124.14,88.00
Saccade B,1,136,382257385,382323974,66589,589.86,480.81,667.31,684.62,13.50,301.30,0.50,202.74,5931.84,3003.90,4467.87
Fixation B,1,122,382323974,382423736,99762,658.83,663.92,9,3,-1,133.00,103.33
Saccade B,1,137,382423736,382490478,66742,657.45,654.88,667.74,661.26,0.91,16.74,0.50,13.71,608.69,555.24,581.96
Blink B,1,32,382523651,382623474,99823
Fixation B,1,123,382656738,382856353,199615,570.68,240.23,37,359,-1,125.50,80.83
Saccade B,1,138,382856353,382956237,99884,569.41,106.13,544.37,197.84,5.05,66.30,0.50,50.54,2328.35,363.72,1170.12
Fixation B,1,124,382956237,383155883,199646,491.32,255.09,82,36,-1,123.33,77.17
Saccade B,1,139,383155883,383255737,99854,448.80,280.96,418.72,306.33,2.30,37.46,0.50,23.04,925.61,645.00,760.65
Fixation B,1,125,383255737,383388732,132995,358.04,315.34,40,11,-1,116.25,80.25
Saccade B,1,140,383388732,383455383,66651,348.32,321.29,298.20,306.35,3.00,72.20,0.50,45.02,2693.64,1171.94,1932.79
Saccade B,1,141,383488647,383555114,66467,265.76,278.86,209.71,291.53,4.10,79.78,0.50,61.73,2766.27,1654.40,2210.34
Fixation B,1,126,383555114,383654998,99884,256.61,266.21,52,16,-1,107.33,69.67
Saccade B,1,142,383654998,383721496,66498,297.71,260.61,338.76,261.15,2.44,56.94,0.50,36.72,1365.52,1264.06,1314.79
Fixation B,1,127,383721496,383821350,99854,378.69,285.15,16,12,-1,110.67,73.67
Saccade B,1,143,383821350,383954559,133209,389.71,290.05,359.83,292.58,2.03,25.96,0.50,15.24,1097.36,225.86,721.83
Fixation B,1,128,383954559,384054351,99792,336.24,301.39,48,16,-1,106.33,75.67
Saccade B,1,144,384054351,384120880,66529,408.45,289.47,673.85,412.61,18.03,405.42,0.50,271.07,9201.15,5209.54,7205.35
Fixation B,1,129,384120880,384320526,199646,786.79,523.24,145,36,-1,112.33,97.67
Blink B,1,33,384320526,384786499,465973
Fixation B,1,130,384786499,384952728,166229,751.89,712.24,112,38,-1,125.00,108.20
Saccade B,1,145,384952728,385019226,66498,671.31,678.27,632.50,635.06,4.13,80.48,0.50,62.08,1156.91,671.41,914.16
Fixation B,1,131,385019226,385318725,299499,573.93,485.64,58,185,-1,128.56,100.00
Saccade B,1,146,385318725,385418640,99915,579.95,435.86,593.77,460.47,2.02,27.93,0.50,20.23,595.20,258.90,391.47
Fixation B,1,132,385418640,385551727,133087,610.43,480.68,8,10,-1,133.50,101.75
Saccade B,1,147,385551727,385618377,66650,610.70,482.63,616.71,474.92,0.60,13.55,0.50,9.01,497.68,179.91,338.79
Fixation B,1,133,385618377,385718109,99732,618.96,468.95,3,2,-1,133.00,102.33
Saccade B,1,148,385718109,385784606,66497,621.66,471.00,614.04,478.97,0.71,15.27,0.50,10.74,577.76,269.66,423.71
Fixation B,1,134,385784606,385884490,99884,611.99,483.75,4,2,-1,134.33,108.00
Saccade B,1,149,385884490,385984252,99762,611.74,486.65,596.43,492.50,0.87,15.33,0.50,8.75,449.64,136.70,275.83
Fixation B,1,135,385984252,386150634,166382,568.03,485.88,5,15,-1,129.60,109.20
Saccade B,1,150,386150634,386217224,66590,567.20,484.87,553.92,508.38,1.73,37.44,0.50,25.90,1535.51,708.68,1122.09
Saccade B,1,151,386250579,386350555,99976,555.83,509.11,545.07,536.37,1.86,31.60,0.50,18.60,1293.51,657.89,910.41
Fixation B,1,136,386350555,386816101,465546,624.88,618.21,63,189,-1,132.07,118.57
Saccade B,1,152,386816101,386882751,66650,648.06,705.04,635.48,679.32,1.78,39.53,0.50,26.74,914.76,687.84,801.30
Fixation B,1,137,386882751,386982574,99823,640.89,705.39,3,5,-1,131.67,117.67
Blink B,1,34,386982574,387415130,432556
Fixation B,1,138,387448364,387548248,99884,520.25,361.71,55,20,-1,129.33,97.33
Blink B,1,35,387548248,387880981,332733
Fixation B,1,139,387914367,388380126,465759,507.92,578.84,138,109,-1,119.93,106.79
Saccade B,1,153,388380126,388446716,66590,576.43,549.03,585.31,544.34,0.75,13.93,0.50,11.33,226.40,110.89,168.65
Fixation B,1,140,388446716,388646484,199768,602.40,544.67,27,9,-1,130.00,111.83
Saccade B,1,154,388646484,388712860,66376,588.00,478.04,539.18,352.88,9.73,187.02,0.50,146.59,3275.25,2448.05,2861.65
Fixation B,1,141,388712860,388845977,133117,519.91,349.30,10,27,-1,126.75,95.00
Saccade B,1,155,388845977,388945739,99762,505.22,383.38,490.85,424.53,2.98,32.69,0.50,29.86,419.45,161.07,250.25
Fixation B,1,142,388945739,389145477,199738,483.05,507.40,25,134,-1,126.67,110.00
Saccade B,1,156,389145477,389211975,66498,440.92,536.58,383.12,365.76,11.07,249.88,0.50,166.41,5414.01,3800.62,4607.32
Fixation B,1,143,389211975,389278778,66803,385.78,253.03,10,28,-1,121.00,78.00
Saccade B,1,157,389278778,389378509,99731,428.09,233.02,458.18,349.03,7.44,92.45,0.50,74.65,3381.41,1362.69,2069.09
Fixation B,1,144,389378509,389478363,99854,495.66,397.22,13,29,-1,125.33,98.33
Saccade B,1,158,389478363,389544738,66375,483.82,393.56,457.41,371.71,2.63,47.68,0.50,39.58,1296.77,525.17,910.97
Fixation B,1,145,389544738,389744384,199646,470.19,352.83,8,30,-1,117.50,86.17
Saccade B,1,159,389744384,389844238,99854,473.81,339.42,495.64,367.84,1.85,29.66,0.50,18.57,756.95,287.86,492.36
Fixation B,1,146,389844238,390177001,332763,509.29,395.18,48,26,-1,113.10,85.80
Saccade B,1,160,390177001,390243499,66498,537.25,376.29,546.72,370.57,0.93,15.28,0.50,13.93,369.60,82.11,225.86
Fixation B,1,147,390243499,390343383,99884,549.77,365.68,2,2,-1,116.00,85.00
Saccade B,1,161,390343383,390409851,66468,546.02,358.72,534.68,356.07,0.83,16.15,0.50,12.54,393.98,208.35,301.17
Fixation B,1,148,390409851,390476623,66772,524.79,348.83,6,1,-1,113.50,82.00
Saccade B,1,162,390476623,390542999,66376,521.06,345.76,512.74,345.89,0.49,11.55,0.50,7.39,352.38,278.60,315.49
Fixation B,1,149,390542999,390709381,166382,515.31,345.51,4,1,-1,114.00,80.20
Saccade B,1,163,390709381,390809234,99853,515.95,341.38,525.20,335.03,1.27,18.59,0.50,12.69,819.97,163.26,408.43
Fixation B,1,150,390809234,390908996,99762,528.23,335.60,4,5,-1,117.33,81.67
Saccade B,1,164,390908996,390975616,66620,528.54,340.43,521.59,342.67,0.43,10.03,0.50,6.41,219.64,217.08,218.36
Fixation B,1,151,390975616,391042114,66498,521.71,344.64,2,1,-1,116.50,83.50
Saccade B,1,165,391042114,391108734,66620,519.30,345.07,516.97,337.78,0.52,10.57,0.50,7.80,300.53,258.58,279.55
Fixation B,1,152,391141998,391341613,199615,531.21,333.85,17,7,-1,120.17,83.67
Blink B,1,36,391341613,391807495,465882
Saccade B,1,166,391873992,391940612,66620,854.85,854.71,819.74,780.97,6.22,112.75,0.50,93.42,11157.16,1768.03,6462.59
Saccade B,1,167,391973876,392040405,66529,757.63,723.84,575.80,754.07,10.42,255.65,0.50,156.69,6983.91,478.56,3731.23
Fixation B,1,153,392040405,392739257,698852,528.28,589.86,46,282,-1,128.29,110.62
Saccade B,1,168,392739257,392838989,99732,552.63,454.49,514.98,481.39,3.26,75.04,0.50,32.64,2611.06,190.14,1643.45
Fixation B,1,154,392838989,392972137,133148,518.40,492.25,2,4,-1,122.75,107.00
Saccade B,1,169,392972137,393105255,133118,517.42,495.81,533.87,500.15,1.66,18.07,0.50,12.47,702.11,238.42,427.65
Fixation B,1,155,393105255,393537872,432617,551.41,526.65,23,39,-1,127.77,111.69
Saccade B,1,170,393537872,393604370,66498,553.89,544.14,551.07,557.06,0.83,18.33,0.50,12.49,353.39,77.52,215.45
Fixation B,1,156,393604370,394003631,399261,559.08,584.27,15,33,-1,134.75,120.00
Saccade B,1,171,394003631,394070373,66742,555.97,569.00,553.31,598.05,2.28,40.31,0.50,34.12,2021.23,785.94,1403.58
Fixation B,1,157,394070373,394336486,266113,529.15,589.19,46,42,-1,132.13,120.25
Saccade B,1,172,394336486,394403015,66529,563.07,632.79,574.41,661.30,2.61,42.53,0.50,39.27,932.01,195.97,563.99
Blink B,1,37,394403015,394968627,565612
Fixation B,1,158,394968627,395234863,266236,847.95,746.46,66,91,-1,129.13,103.13
Saccade B,1,173,395234863,395301361,66498,838.99,793.22,852.08,845.66,3.11,74.90,0.50,46.71,2794.83,2647.66,2721.25
Saccade B,1,174,395368011,395434570,66559,850.92,1004.43,696.15,787.21,19.69,369.92,0.50,295.86,17542.27,7031.12,12286.69
Saccade B,1,175,395467742,395534484,66742,881.45,941.25,188.55,1013.52,32.85,961.81,0.50,492.17,29227.73,8701.97,18964.85
Saccade B,1,176,395567626,395634124,66498,-2389.33,5382.28,2209.36,-753.14,588.29,10624.57,0.50,8846.72,531094.48,213707.44,372400.96
Saccade B,1,177,395700744,395767242,66498,-1357.88,3933.39,2333.72,2322.61,327.73,5581.19,0.50,4928.44,296047.48,167419.60,231733.54
Saccade B,1,178,395833862,395900390,66528,3512.98,-3135.01,587.65,254.17,410.29,6203.84,0.50,6167.23,370804.81,176174.03,273489.42
Saccade B,1,179,396066833,396133361,66528,348.73,891.35,748.55,1266.81,32.19,762.10,0.50,483.84,46589.55,28084.66,37337.10
Fixation B,1,159,396166687,396532623,365936,725.26,707.69,51,220,-1,124.55,95.27
Blink B,1,38,396532623,397198120,665497
Fixation B,1,160,397231384,397597503,366119,810.71,381.38,93,125,-1,125.45,85.55
Blink B,1,39,397597503,397896881,299378
Blink B,1,40,397930358,398196411,266053
Blink B,1,41,398229644,398529113,299469
Fixation B,1,161,398529113,398595764,66651,968.84,866.23,37,88,-1,119.50,84.50
Saccade B,1,180,398595764,398662414,66650,939.25,900.97,886.35,820.88,6.72,133.13,0.50,100.76,5407.46,2957.24,4182.35
Fixation B,1,162,398662414,398762115,99701,793.63,743.47,69,52,-1,123.67,86.00
Saccade B,1,181,398762115,398828643,66528,667.96,705.71,771.25,742.28,9.39,151.84,0.50,141.12,8428.95,2904.96,5666.95
Fixation B,1,163,398828643,398928497,99854,709.43,761.20,45,45,-1,125.67,85.00
Saccade B,1,182,398928497,398994995,66498,688.60,728.64,572.42,736.29,6.33,161.34,0.50,95.25,4389.25,1175.30,2782.28
Fixation B,1,164,398994995,399094879,99884,513.89,661.65,43,36,-1,132.67,79.00
Blink B,1,42,399094879,399427612,332733
Fixation B,1,165,399427612,399494110,66498,720.40,764.87,11,20,-1,143.00,96.50
Saccade B,1,183,399494110,399627258,133148,699.99,774.85,679.99,789.09,4.27,37.18,0.50,32.05,2266.45,895.73,1559.78
Fixation B,1,166,399627258,399727111,99853,659.12,783.41,37,33,-1,142.67,99.33
Blink B,1,43,399727111,399826873,99762
Fixation B,1,167,399826873,399893493,66620,491.23,777.51,127,29,-1,144.00,95.00
Blink B,1,44,399893493,400525848,632355
Fixation B,1,168,400525848,400592254,66406,409.89,898.92,3,75,-1,133.50,107.00
Saccade B,1,184,400592254,400692108,99854,479.60,721.44,648.78,334.11,26.68,389.94,0.50,267.21,5826.66,3774.61,4955.70
Fixation B,1,169,400692108,400958374,266266,678.95,320.63,27,58,-1,134.13,88.88
Saccade B,1,185,400958374,401024871,66497,667.46,345.96,656.44,358.32,0.94,23.03,0.50,14.17,772.97,490.01,631.49
Fixation B,1,170,401024871,401224487,199616,637.14,359.87,18,12,-1,126.17,86.00
Saccade B,1,186,401224487,401291015,66528,623.48,363.36,603.70,361.65,1.10,27.51,0.50,16.52,683.06,152.70,417.88
Fixation B,1,171,401291015,401390869,99854,580.16,337.65,25,29,-1,111.00,79.00
Saccade B,1,187,401390869,401457397,66528,555.53,294.63,550.02,266.40,2.64,39.90,0.50,39.70,333.97,236.26,285.11
Fixation B,1,172,401457397,401790130,332733,538.06,306.61,16,89,-1,113.70,74.60
Saccade B,1,188,401790130,401856750,66620,539.78,328.20,536.47,319.42,0.79,13.00,0.50,11.91,222.84,50.10,136.47
Fixation B,1,173,401856750,401923248,66498,541.14,315.67,5,0,-1,117.00,79.00
Saccade B,1,189,401923248,401989746,66498,541.66,318.25,533.88,314.45,0.57,12.00,0.50,8.53,360.57,357.20,358.88
Blink B,1,45,401989746,402555511,565765
Fixation B,1,174,402555511,402655364,99853,729.24,883.39,36,161,-1,124.00,103.67
Saccade B,1,190,402655364,402788421,133057,700.02,865.08,688.60,829.13,18.27,237.01,0.50,137.32,9572.29,2802.09,6110.79
Fixation B,1,175,402788421,402921508,133087,615.90,778.15,147,107,-1,126.75,116.25
Saccade B,1,191,402921508,403021392,99884,505.76,715.89,688.17,640.23,13.85,315.31,0.50,138.63,10793.98,118.99,4167.85
Saccade B,1,192,403054687,403121124,66437,695.00,598.95,562.51,519.85,9.48,214.41,0.50,142.76,4325.05,3880.20,4102.63
Fixation B,1,176,403121124,403187744,66620,526.68,480.15,2,10,-1,124.50,103.50
Saccade B,1,193,403187744,403287536,99792,522.60,471.59,606.66,548.00,6.14,167.67,0.50,61.52,5330.94,292.93,3613.20
Fixation B,1,177,403287536,403387390,99854,617.34,547.92,3,6,-1,130.00,105.67
Saccade B,1,194,403387390,403487243,99853,620.66,551.79,622.85,568.12,0.83,13.27,0.50,8.33,342.48,130.93,202.62
Fixation B,1,178,403487243,403653625,166382,628.05,583.14,7,13,-1,128.20,108.60
Saccade B,1,195,403653625,403753417,99792,638.15,590.47,643.95,598.11,1.03,12.80,0.50,10.33,519.94,340.94,448.90
Fixation B,1,179,403753417,404086120,332703,646.51,582.86,17,12,-1,129.70,112.00
Saccade B,1,196,404086120,404152740,66620,631.53,577.37,624.04,576.14,0.67,10.46,0.50,9.99,249.24,245.57,247.41
Fixation B,1,180,404152740,404452270,299530,570.10,567.49,87,15,-1,129.89,113.00
Saccade B,1,197,404452270,404518737,66467,521.27,569.12,505.79,583.83,1.44,29.61,0.50,21.64,493.03,292.79,392.91
Fixation B,1,181,404518737,404718505,199768,504.09,606.06,25,35,-1,130.00,117.83
Saccade B,1,198,404718505,404851531,133026,526.51,634.20,539.52,673.30,4.33,69.84,0.50,32.56,2909.69,316.22,1568.71
Fixation B,1,182,404851531,404951385,99854,560.70,698.25,21,13,-1,126.33,117.33
Saccade B,1,199,404951385,405017883,66498,531.85,683.84,259.40,667.65,14.65,378.54,0.50,220.27,9730.75,2408.97,6069.86
Blink B,1,46,405051116,405151000,99884
Fixation B,1,183,405151000,405250762,99762,-118.40,423.40,113,12,-1,106.67,102.33
Saccade B,1,200,405284118,405350708,66590,140.30,444.27,343.64,448.38,18.72,281.82,0.50,281.15,3795.72,1034.44,2415.08
Saccade B,1,201,405383880,405483764,99884,389.21,505.51,541.26,494.06,11.35,130.75,0.50,113.67,6238.86,423.23,2733.31
Fixation B,1,184,405483764,405650146,166382,624.99,479.08,75,16,-1,132.20,110.40
Saccade B,1,202,405650146,405716644,66498,711.12,668.88,711.92,1051.34,27.07,529.98,0.50,407.03,8515.12,7968.99,8242.05
Fixation B,1,185,405716644,405783294,66650,739.02,1222.97,6,14,-1,133.50,105.50
Saccade B,1,203,405783294,405883026,99732,715.38,1061.85,672.10,803.66,19.24,216.93,0.50,192.87,5868.36,180.05,2725.18
Fixation B,1,186,405883026,406249145,366119,674.48,698.74,24,80,-1,120.91,108.55
Saccade B,1,204,406249145,406315643,66498,694.33,676.31,691.42,684.75,0.57,12.29,0.50,8.64,422.95,169.11,296.03
Fixation B,1,187,406315643,406615112,299469,689.46,688.43,5,7,-1,128.44,115.33
Blink B,1,47,406615112,406947875,332763
Fixation B,1,188,406981140,407380493,399353,642.12,367.34,14,69,-1,126.58,93.00
Saccade B,1,205,407380493,407446990,66497,631.50,393.67,624.28,405.40,1.20,19.08,0.50,18.06,113.05,110.64,111.85
Fixation B,1,189,407446990,407513488,66498,619.51,417.77,10,5,-1,120.50,91.50
Saccade B,1,206,407513488,407580139,66651,605.67,423.80,556.17,405.05,2.85,73.08,0.50,42.75,1928.18,148.74,1038.46
Fixation B,1,190,407580139,407846374,266235,556.28,411.29,6,9,-1,114.25,89.75
Blink B,1,48,407846374,408179016,332642
Fixation B,1,191,408179016,408378753,199737,534.64,345.46,5,6,-1,110.50,80.50
Saccade B,1,207,408412017,408545135,133118,436.39,349.74,7.23,414.69,18.47,184.51,0.50,138.75,2902.11,607.02,1562.67
Fixation B,1,192,408545135,408644866,99731,-7.75,395.23,31,44,-1,97.33,85.67
Saccade B,1,208,408644866,408744781,99915,40.70,345.14,314.00,326.94,15.23,321.08,0.50,152.41,7928.24,1242.53,5594.38
Fixation B,1,193,408744781,409011016,266235,436.56,365.13,85,53,-1,112.00,83.38
Saccade B,1,209,409011016,409077514,66498,479.38,339.35,469.62,393.43,3.26,76.13,0.50,48.99,2569.69,494.97,1532.33
Fixation B,1,194,409077514,409177368,99854,490.84,434.16,37,16,-1,112.67,91.67
Saccade B,1,210,409177368,409243927,66559,451.76,388.24,380.00,366.76,6.54,103.51,0.50,98.29,3109.65,902.88,2006.26
Fixation B,1,195,409243927,409510162,266235,440.83,359.23,93,17,-1,114.13,84.38
Saccade B,1,211,409510162,409609893,99731,474.17,366.14,483.93,382.33,1.36,21.03,0.50,13.64,677.39,570.54,609.25
Fixation B,1,196,409609893,409743011,133118,480.81,396.66,11,11,-1,114.50,89.00
Saccade B,1,212,409743011,409809539,66528,488.92,403.44,508.40,390.66,1.21,32.31,0.50,18.26,894.50,167.34,530.92
Fixation B,1,197,409809539,410208892,399353,473.92,383.91,65,50,-1,115.00,87.67
Saccade B,1,213,410208892,410275390,66498,482.57,385.96,459.56,343.75,3.30,66.68,0.50,49.65,1035.26,841.70,938.48
Fixation B,1,198,410275390,410408538,133148,411.20,268.42,59,77,-1,115.00,77.25
Saccade B,1,214,410408538,410475128,66590,387.30,217.11,429.36,228.33,2.79,60.38,0.50,41.88,1883.70,1025.00,1454.35
Fixation B,1,199,410475128,410575012,99884,432.71,245.07,26,27,-1,115.00,71.00
Saccade B,1,215,410575012,410641510,66498,445.40,271.54,466.24,294.01,2.01,42.66,0.50,30.26,1069.00,909.77,989.39
Saccade B,1,216,410674743,410741271,66528,642.08,370.83,959.91,598.35,26.83,541.62,0.50,403.33,8985.65,8007.00,8496.33
Fixation B,1,200,410741271,410807891,66620,1213.02,773.82,32,41,-1,104.00,93.50
Blink B,1,49,410807891,411307006,499115
Fixation B,1,201,411307006,411440002,132996,907.27,772.44,162,72,-1,119.00,103.50
Blink B,1,50,411440002,411539886,99884
Fixation B,1,202,411539886,411673004,133118,575.80,702.02,43,20,-1,126.75,116.75
Saccade B,1,217,411673004,411739532,66528,564.64,716.79,641.66,703.07,4.37,108.01,0.50,65.67,3078.89,1327.13,2203.01
Fixation B,1,203,411739532,411839416,99884,643.68,719.37,8,16,-1,125.67,114.00
Saccade B,1,218,411839416,411905883,66467,655.10,730.46,659.95,719.06,0.94,17.16,0.50,14.07,670.24,69.98,370.11
Fixation B,1,204,411905883,412005737,99854,655.82,682.60,8,52,-1,122.00,108.67
Saccade B,1,219,412005737,412105621,99884,647.78,621.57,564.30,622.81,6.99,107.32,0.50,70.01,4012.40,224.59,2678.80
Fixation B,1,205,412105621,412438507,332886,512.81,507.05,60,108,-1,117.00,103.60
Saccade B,1,220,412438507,412504882,66375,459.75,461.94,356.82,446.86,6.52,144.81,0.50,98.23,2856.04,1622.63,2239.33
Fixation B,1,206,412504882,412638000,133118,356.22,433.99,15,14,-1,110.25,97.00
Saccade B,1,221,412638000,412737762,99762,380.67,425.37,419.87,431.39,2.56,28.69,0.50,25.67,370.79,266.61,315.11
Saccade B,1,222,412771148,412837646,66498,411.97,452.77,394.54,465.70,1.33,30.10,0.50,20.03,832.39,553.71,693.05
Fixation B,1,207,412837646,413037261,199615,415.73,492.93,33,37,-1,117.83,103.33
Saccade B,1,223,413037261,413137145,99884,440.94,512.60,457.72,540.75,2.65,38.58,0.50,26.49,1419.42,223.92,782.16
Fixation B,1,208,413137145,413270385,133240,480.84,579.58,16,50,-1,127.25,115.00
Saccade B,1,224,413270385,413336761,66376,472.46,613.01,457.72,622.56,1.20,24.45,0.50,18.05,691.79,532.64,612.21
Fixation B,1,209,413336761,413403381,66620,461.01,632.49,10,3,-1,126.50,118.00
Saccade B,1,225,413403381,413503143,99762,472.41,643.79,505.35,616.31,2.88,41.79,0.50,28.84,1228.50,296.59,901.43
Fixation B,1,210,413503143,413636260,133117,551.33,664.00,60,25,-1,121.50,114.00
Fixation B,1,211,413669525,413736145,66620,530.03,661.69,248,45,-1,119.00,117.00
Blink B,1,51,413736145,414035522,299377
Fixation B,1,212,414068878,414401641,332763,727.79,347.68,236,22,-1,125.10,90.50
Saccade B,1,226,414401641,414468139,66498,775.81,362.00,748.96,367.64,1.94,38.06,0.50,29.13,544.38,481.75,513.06
Blink B,1,52,414501403,415133636,632233
Fixation B,1,213,415166900,415399871,232971,387.78,171.37,51,62,-1,115.71,66.29
Saccade B,1,227,415399871,415466522,66651,377.98,295.75,465.97,641.42,22.43,494.26,0.50,336.55,9910.98,4904.06,7407.52
Fixation B,1,214,415466522,415566375,99853,529.67,958.84,49,140,-1,131.00,101.33
Blink B,1,53,415566375,415899017,332642
Fixation B,1,215,415899017,415965515,66498,831.08,649.70,6,20,-1,118.50,99.00
Saccade B,1,228,415965515,416032135,66620,831.63,605.40,730.75,635.65,6.44,145.93,0.50,96.63,4894.21,671.30,2782.76
Fixation B,1,216,416032135,416098724,66589,715.24,641.13,2,0,-1,133.50,106.00
Saccade B,1,229,416098724,416165130,66406,698.50,641.42,679.56,631.31,1.70,29.81,0.50,25.56,529.06,450.98,490.02
Fixation B,1,217,416165130,416265045,99915,673.45,625.59,14,26,-1,134.00,104.67
Saccade B,1,230,416265045,416364868,99823,662.52,604.35,660.78,599.19,1.60,19.94,0.50,16.01,1026.41,109.93,478.22
Fixation B,1,218,416364868,416597778,232910,635.78,613.82,21,6,-1,133.43,97.43
Saccade B,1,231,416597778,416730895,133117,629.67,619.49,613.52,610.16,1.52,10.35,0.50,11.40,1047.87,161.81,513.02
Fixation B,1,219,416730895,416864013,133118,614.17,607.63,3,7,-1,129.75,95.25
Saccade B,1,232,416864013,416997161,133148,618.54,593.64,665.58,566.59,5.18,36.27,0.50,38.92,3543.26,959.00,2079.20
Fixation B,1,220,416997161,417096893,99732,656.77,582.25,15,28,-1,128.33,91.00
Saccade B,1,233,417096893,417163604,66711,675.95,487.49,692.32,304.86,13.59,254.33,0.50,203.65,5029.80,3178.00,4103.90
Fixation B,1,221,417163604,417329925,166321,629.01,160.82,89,99,-1,118.00,71.60
Saccade B,1,234,417329925,417429626,99701,600.12,264.33,495.63,302.68,8.76,120.15,0.50,87.86,4540.89,1297.30,3365.06
Fixation B,1,222,417429626,417662811,233185,533.98,383.85,54,51,-1,119.00,85.71
Saccade B,1,235,417662811,417729125,66314,593.36,476.28,577.13,385.84,8.28,128.04,0.50,124.86,7509.87,3758.10,5633.99
Saccade B,1,236,417762512,417862396,99884,581.74,391.61,460.98,360.48,6.26,127.68,0.50,62.70,3625.65,905.49,2340.52
Fixation B,1,223,417862396,417962036,99640,475.77,365.33,3,4,-1,118.33,82.00
Saccade B,1,237,417962036,418095153,133117,471.65,364.54,607.17,314.85,6.89,21.60,0.50,51.79,5666.97,266.02,2559.26
Fixation B,1,224,418095153,418195037,99884,608.37,311.50,3,6,-1,121.33,75.00
Blink B,1,54,418195037,419160034,964997
Fixation B,1,225,419160034,419293151,133117,595.20,432.98,104,13,-1,129.75,101.50
Saccade B,1,238,419293151,419359649,66498,612.45,420.92,663.72,436.57,4.07,74.08,0.50,61.25,3658.87,2794.61,3226.74
Fixation B,1,226,419359649,419459533,99884,687.19,387.54,14,62,-1,126.33,96.33
Saccade B,1,239,419459533,419559265,99732,676.04,334.27,651.08,277.52,3.94,66.26,0.50,39.48,1414.85,540.73,1035.22
Fixation B,1,227,419559265,419725646,166381,684.22,307.75,29,46,-1,124.80,84.80
Saccade B,1,240,419725646,419792266,66620,699.41,347.62,843.40,341.29,7.40,199.90,0.50,111.12,5987.49,84.66,3036.08
Fixation B,1,228,419792266,419958740,166474,789.93,356.94,87,22,-1,121.20,91.40
Saccade B,1,241,419958740,420058532,99792,752.98,342.62,695.73,350.64,2.87,52.08,0.50,28.77,1739.07,740.19,1235.27
Fixation B,1,229,420058532,420191528,132996,641.50,351.02,53,7,-1,125.50,88.75
Saccade B,1,242,420191528,420258148,66620,552.09,341.22,423.67,351.88,8.88,178.57,0.50,133.28,2804.78,1917.11,2360.94
Blink B,1,55,420258148,420790496,532348
Fixation B,1,230,420790496,421189758,399262,568.85,746.59,92,75,-1,126.25,117.08
Saccade B,1,243,421189758,421256408,66650,596.06,710.90,610.29,730.98,1.95,34.10,0.50,29.20,1103.50,678.44,890.97
Fixation B,1,231,421256408,421555755,299347,653.20,728.62,64,30,-1,131.56,119.11
Saccade B,1,244,421555755,421655639,99884,695.23,756.83,712.49,748.44,5.68,66.69,0.50,56.82,3620.10,468.75,1697.14
Fixation B,1,232,421655639,421788757,133118,719.04,770.65,2,39,-1,132.25,120.75
Saccade B,1,245,421788757,421855285,66528,723.28,734.41,728.69,717.74,1.56,24.29,0.50,23.38,110.71,53.18,81.94
Fixation B,1,233,421855285,422221435,366150,658.20,553.00,145,300,-1,130.09,109.27
Saccade B,1,246,422221435,422321136,99701,450.43,381.72,-50.05,343.41,29.89,418.97,0.50,299.76,6549.21,4311.14,5747.68
Fixation B,1,234,422321136,422421020,99884,-135.03,325.31,29,14,-1,100.67,87.33
Saccade B,1,247,422421020,422487518,66498,25.43,338.08,224.35,357.30,16.64,275.66,0.50,250.26,6208.16,1521.60,3864.88
Saccade B,1,248,422587432,422653900,66468,14.21,418.13,239.81,469.24,19.57,320.82,0.50,294.39,10778.31,1834.78,6306.54
Fixation B,1,235,422687133,422953399,266266,499.06,503.90,87,29,-1,126.75,111.75
Blink B,1,56,422953399,423352783,399384
Fixation B,1,236,423352783,423652160,299377,596.32,487.16,171,169,-1,111.78,95.33
Blink B,1,57,423652160,423984924,332764
Fixation B,1,237,424018402,424251159,232757,654.28,290.80,20,52,-1,124.57,81.57
Blink B,1,58,424251159,425083007,831848
Fixation B,1,238,425116271,425316009,199738,659.69,705.47,20,121,-1,125.33,114.50
Saccade B,1,249,425316009,425382598,66589,665.84,660.26,671.06,644.56,0.98,22.90,0.50,14.69,547.09,79.11,313.10
Fixation B,1,239,425382598,425615386,232788,673.67,630.29,12,25,-1,127.57,113.00
Saccade B,1,250,425615386,425715270,99884,666.80,629.73,649.27,632.67,1.12,14.44,0.50,11.18,382.30,266.58,312.10
Fixation B,1,240,425715270,425914886,199616,632.91,617.23,20,10,-1,129.83,114.83
Saccade B,1,251,425914886,425981536,66650,616.44,567.11,615.58,415.13,9.45,210.60,0.50,141.85,4142.01,2376.92,3259.46
Fixation B,1,241,425981536,426247650,266114,564.80,164.49,31,222,-1,127.38,71.25
Saccade B,1,252,426247650,426347534,99884,561.53,230.41,583.65,344.93,8.49,102.62,0.50,85.00,1317.59,337.32,790.15
Fixation B,1,242,426347534,426513916,166382,614.97,393.46,20,30,-1,131.60,94.20
Saccade B,1,253,426513916,426580383,66467,622.10,404.58,562.39,391.50,2.90,84.78,0.50,43.62,2604.73,125.24,1364.98
Fixation B,1,243,426580383,426979797,399414,571.98,477.27,87,155,-1,122.00,98.17
Saccade B,1,254,426979797,427112884,133087,609.62,450.93,623.96,291.45,10.12,91.80,0.50,76.04,1906.81,687.28,1402.14
Fixation B,1,244,427112884,427312530,199646,624.75,275.72,8,9,-1,120.33,74.00
Saccade B,1,255,427312530,427379028,66498,627.73,284.62,623.78,299.32,0.94,21.11,0.50,14.17,419.31,242.59,330.95
Fixation B,1,245,427379028,427445648,66620,615.99,314.20,1,9,-1,121.00,73.00
Saccade B,1,256,427445648,427512145,66497,609.66,330.03,566.12,323.01,2.63,61.18,0.50,39.56,1706.08,334.79,1020.43
Fixation B,1,246,427512145,427612030,99885,539.46,335.43,21,9,-1,119.00,77.67
Saccade B,1,257,427612030,427711791,99761,512.83,349.00,478.73,346.25,2.53,34.15,0.50,25.36,710.80,399.01,511.24
Fixation B,1,247,427711791,427844909,133118,453.30,332.37,11,19,-1,115.25,78.50
Saccade B,1,258,427844909,427911499,66590,465.43,316.40,472.06,303.54,1.24,20.06,0.50,18.67,309.67,135.95,222.81
Fixation B,1,248,427911499,428044525,133026,481.61,309.26,3,17,-1,119.25,78.00
Saccade B,1,259,428044525,428111145,66620,474.77,328.43,488.43,340.55,1.42,25.21,0.50,21.30,913.44,483.42,698.43
Fixation B,1,249,428111145,428177642,66497,495.17,359.10,1,7,-1,119.50,80.50
Saccade B,1,260,428177642,428244293,66651,498.15,362.53,519.31,369.88,1.13,31.06,0.50,16.96,862.99,344.47,603.73
Fixation B,1,250,428244293,428344024,99731,519.01,374.22,4,4,-1,125.33,86.00
Saccade B,1,261,428344024,428410736,66712,534.90,479.25,623.11,743.11,17.88,385.52,0.50,267.97,7165.98,4650.76,5908.37
Saccade B,1,262,428443908,428610382,166474,610.34,1010.65,552.84,670.18,15.73,132.84,0.50,94.48,9172.17,843.11,3157.76
Fixation B,1,251,428610382,428809906,199524,551.73,674.76,53,30,-1,123.33,106.50
Saccade B,1,263,428809906,428876434,66528,592.01,678.67,578.78,467.40,10.53,293.60,0.50,158.22,8351.61,1278.97,4815.29
Fixation B,1,252,428876434,429042816,166382,515.28,297.52,107,129,-1,117.80,79.20
Saccade B,1,264,429042816,429109405,66589,506.99,429.40,533.47,573.82,9.24,203.08,0.50,138.72,3877.84,756.72,2317.28
Fixation B,1,253,429142700,429242675,99975,578.27,573.50,21,33,-1,131.33,96.00
Blink B,1,59,429242675,429874786,632111
Fixation B,1,254,429908020,430174163,266143,650.99,458.58,16,130,-1,125.63,87.75
Saccade B,1,265,430174163,430240783,66620,689.59,540.58,833.60,551.73,8.74,199.40,0.50,131.16,4213.01,1946.45,3079.73
Fixation B,1,255,430240783,430307281,66498,825.45,587.21,15,21,-1,115.50,92.50
Saccade B,1,266,430307281,430407165,99884,802.52,629.03,739.32,656.62,4.88,65.74,0.50,48.84,1538.54,423.47,1061.02
Fixation B,1,256,430407165,430540313,133148,677.98,636.79,49,20,-1,124.25,93.00
Saccade B,1,267,430540313,430606781,66468,636.84,636.23,620.70,601.30,2.61,53.42,0.50,39.33,1761.75,1006.20,1383.98
Fixation B,1,257,430606781,430673278,66497,611.86,578.22,6,4,-1,123.50,86.50
Saccade B,1,268,430673278,430739898,66620,604.83,563.00,612.53,602.41,2.46,55.25,0.50,36.97,2204.70,367.42,1286.06
Blink B,1,60,430773162,430906402,133240
Fixation B,1,258,430939544,431305541,365997,619.93,490.06,94,138,-1,125.55,85.36
Saccade B,1,269,431305541,431372161,66620,634.61,493.27,605.83,431.37,5.36,94.33,0.50,80.44,4765.27,2217.37,3491.32
Fixation B,1,259,431372161,431438690,66529,601.12,418.06,0,1,-1,123.50,82.00
Saccade B,1,270,431438690,431505279,66589,598.20,418.27,693.83,396.97,4.67,136.01,0.50,70.20,4228.81,160.83,2194.82
Fixation B,1,260,431505279,432037658,532379,672.08,422.22,30,29,-1,119.56,80.50
Saccade B,1,271,432037658,432104156,66498,661.02,419.02,663.00,427.20,0.50,11.67,0.50,7.51,402.18,311.69,356.94
Saccade B,1,272,432137420,432204040,66620,653.74,428.91,638.07,429.70,0.95,21.69,0.50,14.33,444.44,28.97,236.71
Fixation B,1,261,432204040,432270599,66559,622.36,429.17,4,2,-1,117.00,79.50
Saccade B,1,273,432270599,432337158,66559,617.19,431.74,616.52,441.23,0.59,13.23,0.50,8.91,347.51,66.96,207.23
Fixation B,1,262,432337158,432503662,166504,613.34,442.19,12,4,-1,116.80,82.60
Saccade B,1,274,432503662,432603271,99609,619.01,443.29,538.04,615.62,9.37,199.22,0.50,94.05,6071.68,598.68,3574.36
Fixation B,1,263,432603271,432802917,199646,544.09,620.97,11,13,-1,121.17,101.33
Saccade B,1,275,432802917,432869537,66620,546.72,623.17,766.36,666.40,10.46,309.07,0.50,156.96,9225.27,25.57,4625.42
Fixation B,1,264,432869537,432969421,99884,906.16,698.81,108,36,-1,117.00,95.33
Saccade B,1,276,432969421,433035888,66467,874.40,690.07,933.67,894.18,10.57,293.99,0.50,159.09,9204.02,2142.33,5673.18
Saccade B,1,277,433135803,433202392,66589,1094.15,1344.70,367.52,753.53,62.19,1299.24,0.50,933.89,55338.72,20212.04,37775.38
Saccade B,1,278,433435150,433501770,66620,718.54,587.48,3642.11,-1485.00,190.56,4943.23,0.50,2860.42,140319.02,57311.15,98815.08
Saccade B,1,279,433734710,433801269,66559,711.36,1542.08,662.45,628.92,52.32,1268.31,0.50,786.09,61516.78,46920.83,54218.81
Saccade B,1,280,433901031,433967651,66620,-601.82,-1150.24,294.63,983.50,106.99,3195.34,0.50,1605.94,96193.34,53141.01,74667.17
Saccade B,1,281,434233795,434300415,66620,265.21,949.29,-4877.45,-8343.18,766.64,14716.90,0.50,11507.62,532575.36,342063.27,437319.31
Saccade B,1,282,434366943,434433532,66589,-708.69,-1400.81,1034.06,1559.50,298.30,4764.44,0.50,4479.66,260181.68,201401.41,230791.54
Fixation B,1,265,435032409,435165557,133148,600.09,346.43,16,7,-1,136.75,97.75
Saccade B,1,283,435165557,435232025,66468,614.01,354.89,619.69,362.58,0.80,13.25,0.50,11.97,161.15,86.43,123.79
Fixation B,1,266,435232025,435331939,99914,629.18,362.54,6,3,-1,139.00,97.67
Saccade B,1,284,435331939,435398559,66620,633.04,369.13,633.02,378.56,0.67,13.09,0.50,10.03,201.84,186.11,193.98
Fixation B,1,267,435398559,435498382,99823,627.41,386.05,4,12,-1,135.67,97.00
Saccade B,1,285,435498382,435564788,66406,632.96,396.15,593.06,400.68,2.29,55.85,0.50,34.48,2036.16,552.40,1294.28
Fixation B,1,268,435564788,435697906,133118,580.46,414.57,6,3,-1,125.50,92.75
Saccade B,1,286,435697906,435764556,66650,586.67,417.58,595.05,419.97,0.66,12.08,0.50,9.89,131.99,26.67,79.33
Fixation B,1,269,435764556,436197021,432465,605.46,419.37,17,4,-1,115.92,87.54
Saccade B,1,287,436197021,436263763,66742,608.82,424.50,615.23,419.62,0.67,11.08,0.50,10.08,601.19,439.92,520.55
Saccade B,1,288,436296936,436363403,66467,609.27,421.76,620.05,418.47,0.82,15.64,0.50,12.30,739.93,278.50,509.22
Fixation B,1,270,436363403,436430023,66620,621.78,417.43,0,0,-1,112.50,86.00
Saccade B,1,289,436430023,436496520,66497,637.58,566.71,754.43,842.10,20.73,414.55,0.50,311.68,6712.91,6319.01,6515.96
Fixation B,1,271,436496520,436596405,99885,762.17,1026.02,15,81,-1,113.00,91.33
Blink B,1,61,436596405,437062408,466003
Fixation B,1,272,437062408,437261993,199585,631.11,469.45,7,12,-1,124.67,98.50
Saccade B,1,290,437261993,437328399,66406,632.56,484.15,834.99,508.36,9.79,283.55,0.50,147.36,8413.22,173.35,4293.29
Blink B,1,62,437328399,437661163,332764
Fixation B,1,273,437694610,437794403,99793,1129.87,604.57,51,2,-1,109.67,104.33
Saccade B,1,291,437794403,437860900,66497,1133.29,613.78,1063.74,605.34,4.64,97.44,0.50,69.84,4188.94,2245.71,3217.32
Fixation B,1,274,437860900,438226928,366028,920.60,573.25,141,49,-1,113.36,100.18
Saccade B,1,292,438226928,438293395,66467,878.56,557.11,910.04,552.30,2.34,44.04,0.50,35.24,1880.32,1038.87,1459.59
Fixation B,1,275,438293395,438360015,66620,921.92,534.75,6,16,-1,110.00,93.50
Saccade B,1,293,438360015,438459777,99762,931.91,523.38,910.74,505.21,2.59,47.47,0.50,25.99,1883.17,1014.88,1538.74
Fixation B,1,276,438459777,438626159,166382,940.93,493.31,17,11,-1,119.00,90.20
Saccade B,1,294,438626159,438692779,66620,962.42,495.40,984.24,500.63,1.76,31.06,0.50,26.49,914.51,420.24,667.38
Fixation B,1,277,438692779,438958923,266144,1067.18,537.59,171,65,-1,115.75,90.50
Saccade B,1,295,438958923,439092041,133118,1135.62,569.38,763.33,522.74,14.96,112.49,0.50,112.40,10204.46,518.52,4794.84
Fixation B,1,278,439092041,439158569,66528,761.59,520.50,3,4,-1,127.00,81.00
Saccade B,1,296,439158569,439225158,66589,749.73,515.24,750.45,502.26,1.08,17.96,0.50,16.29,610.01,282.06,446.03
Fixation B,1,279,439225158,439325042,99884,748.72,489.62,6,5,-1,133.67,86.00
Saccade B,1,297,439325042,439424774,99732,734.42,488.16,709.06,497.80,1.75,19.72,0.50,17.59,328.87,186.39,255.58
Fixation B,1,280,439424774,439591156,166382,645.27,508.06,77,21,-1,134.60,90.40
Saccade B,1,298,439591156,439657775,66619,599.49,508.50,561.93,497.33,2.18,54.29,0.50,32.78,1307.85,609.98,958.92
Saccade B,1,299,439691040,439757568,66528,577.02,470.62,532.42,449.36,3.09,68.46,0.50,46.46,2431.00,470.95,1450.98
Saccade B,1,300,439857391,439923919,66528,1407.67,1139.00,1051.03,650.50,54.06,835.80,0.50,812.57,48449.18,12541.88,30495.53
Saccade B,1,301,439957153,440023803,66650,1035.52,1054.64,895.43,1008.96,12.72,203.07,0.50,190.88,22606.12,746.27,11676.19
Saccade B,1,302,440190155,440389770,199615,94.72,513.07,320.00,805.34,52.00,345.18,0.50,260.52,18301.15,6995.06,13270.51
Saccade B,1,303,440423034,440589416,166382,370.43,824.11,1047.94,415.07,36.66,251.89,0.50,220.36,15157.32,4641.52,7851.83
Fixation B,1,281,440589416,440722625,133209,1004.72,416.27,77,55,-1,116.25,85.25
Saccade B,1,304,440755798,440855651,99853,1161.91,470.27,1208.24,436.28,22.07,238.89,0.50,221.05,13639.72,4942.83,9816.33
Fixation B,1,282,440855651,440922149,66498,1054.46,478.61,86,38,-1,117.00,83.00
Saccade B,1,305,440922149,441221649,299500,927.31,573.30,419.61,372.18,48.16,247.64,0.50,160.79,12502.11,1571.77,5789.55
Fixation B,1,283,441221649,441321533,99884,444.94,383.22,54,19,-1,114.33,84.67
Saccade B,1,306,441321533,441421295,99762,514.93,414.96,582.55,511.98,7.74,104.20,0.50,77.61,1635.29,331.04,908.95
Fixation B,1,284,441421295,442053527,632232,665.01,559.50,107,129,-1,138.89,93.84
Saccade B,1,307,442053527,442153411,99884,643.39,538.32,705.14,599.45,5.72,100.01,0.50,57.30,4207.86,1719.66,2776.44
Fixation B,1,285,442153411,442253295,99884,746.09,622.52,34,13,-1,130.33,85.00
Saccade B,1,308,442253295,442353057,99762,720.80,599.60,803.32,566.23,6.37,81.78,0.50,63.87,4180.41,1622.94,2725.24
Fixation B,1,286,442353057,442685791,332734,834.54,595.78,53,67,-1,131.09,86.09
Saccade B,1,309,442685791,442818908,133117,862.58,593.88,885.11,631.10,8.03,103.95,0.50,60.29,4475.42,995.02,2905.25
Fixation B,1,287,442818908,443051818,232910,889.58,552.10,22,85,-1,130.57,82.57
Saccade B,1,310,443051818,443118530,66712,876.88,507.02,853.37,481.64,2.70,47.81,0.50,40.54,1120.52,601.98,861.25
Fixation B,1,288,443118530,443184906,66376,842.48,479.91,6,10,-1,133.00,83.00
Saccade B,1,311,443184906,443284790,99884,837.40,485.67,758.01,473.26,4.57,72.02,0.50,45.80,2041.19,888.99,1527.46
Fixation B,1,289,443284790,443517669,232879,733.46,488.83,14,49,-1,131.43,86.00
Saccade B,1,312,443517669,443584289,66620,745.28,521.73,766.42,524.73,1.44,29.59,0.50,21.61,724.98,186.11,455.54
Fixation B,1,290,443584289,443650909,66620,768.96,543.30,9,5,-1,128.00,86.50
Saccade B,1,313,443650909,443717315,66406,763.95,553.45,748.40,541.14,1.48,27.59,0.50,22.21,854.88,804.89,829.89
Fixation B,1,291,443717315,443817169,99854,760.66,546.72,4,11,-1,121.67,82.00
Saccade B,1,314,443817169,443883819,66650,766.75,548.55,781.51,568.06,1.33,33.81,0.50,20.00,1034.65,224.07,629.36
Fixation B,1,292,443883819,443983551,99732,776.30,581.41,1,23,-1,124.67,81.33
Saccade B,1,315,443983551,444050170,66619,771.92,567.13,784.68,596.62,2.26,44.53,0.50,33.99,2033.88,344.44,1189.16
Fixation B,1,293,444050170,444116668,66498,794.63,606.01,1,14,-1,125.00,83.00
Saccade B,1,316,444116668,444183166,66498,818.23,594.86,827.15,645.17,3.42,70.80,0.50,51.49,2336.12,989.15,1662.63
Fixation B,1,294,444183166,444283050,99884,873.66,568.90,79,73,-1,122.33,80.00
Saccade B,1,317,444283050,444349609,66559,955.32,521.60,1070.40,563.24,7.52,169.74,0.50,113.00,3998.07,683.92,2341.00
Blink B,1,63,444349609,444649047,299438
Fixation B,1,295,444649047,444715728,66681,424.02,510.88,85,5,-1,119.50,79.50
Saccade B,1,318,444715728,444815429,99701,554.46,508.48,898.07,642.06,21.51,389.53,0.50,215.77,8852.44,426.48,5908.06
Fixation B,1,296,444815429,444948547,133118,972.97,655.87,49,17,-1,115.00,74.50
Saccade B,1,319,444948547,445015045,66498,985.86,689.28,974.94,652.20,2.88,53.61,0.50,43.25,2571.70,422.25,1496.98
Saccade B,1,320,445048400,445114898,66498,981.56,520.26,1140.02,705.03,16.74,337.29,0.50,251.78,14584.08,4690.27,9637.18
Blink B,1,64,445148162,446113159,964997
Fixation B,1,297,446113159,446246429,133270,598.07,605.56,277,38,-1,127.25,87.75
Saccade B,1,321,446246429,446312774,66345,779.67,592.37,866.76,590.16,6.75,121.17,0.50,101.80,1232.53,540.91,886.72
Blink B,1,65,446346191,446645538,299347
Fixation B,1,298,446645538,446778747,133209,582.33,508.16,24,46,-1,134.50,82.00
Saccade B,1,322,446811920,446878631,66711,639.74,525.89,674.11,606.39,5.13,120.84,0.50,76.85,2744.39,576.05,1660.22
Fixation B,1,299,446878631,446945129,66498,639.68,575.32,17,30,-1,138.00,85.00
Saccade B,1,323,446945129,447011657,66528,680.79,554.73,936.05,574.20,14.54,352.47,0.50,218.53,8747.61,3899.90,6323.76
Saccade B,1,324,447044921,447111419,66498,1109.52,690.52,1043.75,749.91,5.74,122.92,0.50,86.36,8050.74,2669.84,5360.29
Saccade B,1,325,447144683,447211303,66620,910.95,688.89,769.32,599.67,11.55,231.30,0.50,173.37,4325.89,2726.59,3526.24
Fixation B,1,300,447211303,447311157,99854,767.92,678.75,5,3,-1,126.67,99.00
Saccade B,1,326,447311157,447410919,99762,783.31,692.69,795.52,776.03,10.15,185.94,0.50,101.77,8157.46,526.31,3862.29
Fixation B,1,301,447410919,447510894,99975,797.18,657.77,54,21,-1,123.00,94.33
Blink B,1,66,447510894,448209564,698670
Saccade B,1,327,448242950,448375915,132965,574.53,478.26,608.43,528.26,17.20,275.29,0.50,129.35,9712.88,553.95,5074.89
Fixation B,1,302,448409149,448676208,267059,688.05,575.19,53,83,-1,129.25,89.13
Blink B,1,67,448676208,448808441,132233
Fixation B,1,303,448808441,449008087,199646,757.55,585.83,75,47,-1,124.33,89.83
Saccade B,1,328,449008087,449074554,66467,788.77,607.96,803.33,557.88,2.69,72.47,0.50,40.47,1967.36,857.25,1412.31
Fixation B,1,304,449074554,449174438,99884,815.01,580.39,13,22,-1,117.00,87.33
Saccade B,1,329,449174438,449240905,66467,799.18,594.96,815.25,568.73,2.57,42.70,0.50,38.62,2324.42,964.90,1644.66
Fixation B,1,305,449240905,449307678,66773,819.66,554.81,6,0,-1,115.00,87.50
Saccade B,1,330,449307678,449440643,132965,834.44,586.50,907.69,650.27,7.23,56.20,0.50,54.38,4129.41,404.31,1902.59
Saccade B,1,331,449473907,449540405,66498,797.19,493.04,636.34,686.87,20.46,349.03,0.50,307.66,14773.93,7155.83,10964.88
Fixation B,1,306,449540405,449673522,133117,616.50,606.03,110,35,-1,133.25,92.25
Saccade B,1,332,449673522,449773437,99915,726.69,624.17,859.81,629.65,17.17,275.96,0.50,171.86,12495.53,973.21,6617.61
Fixation B,1,307,449773437,449973022,199585,929.14,583.65,64,50,-1,111.17,83.17
Saccade B,1,333,449973022,450039520,66498,894.30,589.83,855.29,596.67,2.56,54.93,0.50,38.46,1066.62,1007.04,1036.83
Fixation B,1,308,450039520,450106140,66620,858.27,602.46,14,5,-1,112.00,82.00
Saccade B,1,334,450106140,450239166,133026,834.45,603.18,1195.55,895.44,22.19,92.71,0.50,166.80,14135.00,336.88,7116.50
Blink B,1,68,450272552,450738616,466064
Fixation B,1,309,450771881,450871520,99639,535.98,586.57,0,6,-1,119.67,88.00
Blink B,1,69,450871520,451603668,732148
Fixation B,1,310,451636901,451803314,166413,821.19,775.83,45,57,-1,130.20,99.40
Blink B,1,70,451803314,451936431,133117
Fixation B,1,311,451936431,452069549,133118,794.76,818.03,60,45,-1,131.40,102.60
