Blink B,1,1,147066009,147498565,432556
Saccade B,1,1,147531860,147698272,166412,1231.61,972.28,426.21,491.41,48.62,480.57,0.50,292.14,24007.21,3307.60,11472.49
Fixation B,1,1,147698272,148197418,499146,532.20,519.50,165,54,-1,129.00,110.07
Saccade B,1,2,148197418,148330383,132965,601.90,546.79,913.33,575.19,15.40,407.00,0.50,115.79,12462.28,28.54,6081.00
Fixation B,1,2,148330383,148430267,99884,911.61,564.38,1,2,-1,119.67,115.33
Saccade B,1,3,148430267,148496765,66498,912.77,563.13,919.25,563.90,0.33,9.05,0.50,4.97,246.08,79.86,162.97
Saccade B,1,4,148530120,148596618,66498,703.38,604.86,347.52,708.07,27.36,513.42,0.50,411.47,9456.37,6235.35,7845.86
Blink B,1,2,148629882,148929412,299530
Fixation B,1,3,148929412,149029266,99854,354.45,776.61,37,23,-1,124.33,119.33
Saccade B,1,5,149029266,149095764,66498,389.48,769.54,400.21,606.78,8.37,226.02,0.50,125.89,6761.89,290.21,3526.05
Fixation B,1,4,149095764,149195648,99884,417.72,535.93,39,22,-1,123.33,108.33
Saccade B,1,6,149195648,149395263,199615,455.71,571.29,495.25,530.13,14.15,79.35,0.50,70.91,6724.62,854.11,3562.04
Fixation B,1,5,149395263,149528411,133148,502.57,523.44,14,19,-1,118.50,100.75
Saccade B,1,7,149528411,149595001,66590,515.71,568.36,547.29,737.52,9.95,238.90,0.50,149.47,5389.07,1158.70,3273.89
Fixation B,1,6,149595001,149661499,66498,551.59,762.12,2,9,-1,119.50,108.50
Saccade B,1,8,149661499,149728118,66619,554.61,757.94,549.04,810.93,2.89,73.90,0.50,43.42,2610.98,791.64,1701.31
Fixation B,1,7,149728118,149794555,66437,554.85,768.97,0,15,-1,115.00,105.00
Saccade B,1,9,149794555,149894378,99823,546.32,770.53,548.78,746.37,2.28,42.60,0.50,22.88,1716.10,1058.80,1442.36
Fixation B,1,8,149894378,149994262,99884,538.11,761.51,4,2,-1,116.67,105.00
Saccade B,1,10,149994262,150193878,199616,532.92,761.36,560.47,793.91,8.46,27.96,0.50,42.39,5464.86,167.82,2007.15
Fixation B,1,9,150193878,150393493,199615,545.12,788.86,48,14,-1,122.50,111.50
Saccade B,1,11,150393493,150460113,66620,596.13,783.59,914.91,769.18,18.62,441.77,0.50,279.45,9762.45,4459.27,7110.86
Saccade B,1,12,150526672,150593139,66467,1190.70,757.81,938.06,672.94,14.21,369.99,0.50,213.74,12724.92,2311.92,7518.42
Saccade B,1,13,150626586,150726257,99671,1214.03,669.28,941.99,575.13,20.56,305.96,0.50,206.30,15690.62,1861.03,7987.19
Fixation B,1,10,150726257,150859436,133179,879.74,544.72,41,23,-1,112.25,109.75
Saccade B,1,14,150859436,151025817,166381,869.56,533.82,-131.07,697.41,46.43,480.07,0.50,279.03,23707.46,414.97,8708.51
Fixation B,1,11,151025817,151092254,66437,-77.00,709.58,108,24,-1,109.50,114.50
Saccade B,1,15,151092254,151192169,99915,119.39,707.11,356.49,624.93,18.28,233.04,0.50,183.00,3824.52,2160.83,2794.89
Fixation B,1,12,151192169,151525024,332855,468.82,662.22,103,47,-1,130.50,119.10
Saccade B,1,16,151525024,151591369,66345,524.71,698.29,629.41,672.11,6.13,150.23,0.50,92.37,4052.08,1051.67,2551.87
Fixation B,1,13,151591369,151957458,366089,629.63,678.16,9,9,-1,132.36,115.64
Saccade B,1,17,151957458,152023986,66528,627.17,684.93,633.11,688.19,0.44,9.37,0.50,6.57,245.44,181.60,213.52
Fixation B,1,14,152023986,152190338,166352,638.78,703.40,11,23,-1,129.80,115.20
Saccade B,1,18,152190338,152256896,66558,640.36,709.04,636.42,760.55,2.71,71.59,0.50,40.70,2394.22,491.70,1442.96
Blink B,1,3,152290283,152489868,199585
Saccade B,1,19,152523132,152589721,66589,553.10,728.44,535.70,882.70,12.14,215.51,0.50,182.33,10977.40,9858.16,10417.78
Saccade B,1,20,152622985,152689483,66498,570.44,715.72,536.38,972.04,15.03,358.63,0.50,225.95,13578.78,1524.16,7551.47
Blink B,1,4,152689483,152789398,99915
Fixation B,1,15,152789398,152889099,99701,610.48,753.93,60,122,-1,127.67,119.67
Blink B,1,5,152889099,153088836,199737
Fixation B,1,16,153088836,153221893,133057,604.04,705.19,6,31,-1,130.75,117.25
Saccade B,1,21,153221893,153288513,66620,607.09,703.88,607.09,678.42,1.38,35.22,0.50,20.70,1135.49,114.46,624.98
Fixation B,1,17,153288513,153354980,66467,611.39,677.63,8,6,-1,137.50,119.50
Saccade B,1,22,153354980,153421600,66620,617.24,693.29,640.05,683.28,2.03,34.56,0.50,30.52,1499.25,1110.52,1304.88
Fixation B,1,18,153421600,153887359,465759,636.40,678.99,15,13,-1,130.93,116.93
Blink B,1,6,153887359,154053741,166382
Fixation B,1,19,154053741,154153625,99884,634.98,781.04,7,7,-1,128.67,119.33
Blink B,1,7,154153625,154386657,233032
Fixation B,1,20,154386657,154586242,199585,667.06,774.00,36,17,-1,133.67,108.83
Saccade B,1,23,154586242,154652770,66528,678.49,766.80,688.80,772.13,0.71,16.06,0.50,10.71,533.49,56.18,294.84
Fixation B,1,21,154652770,154785888,133118,688.32,774.69,10,43,-1,136.25,103.75
Blink B,1,8,154785888,155218505,432617
Fixation B,1,22,155251770,155584503,332733,611.54,771.40,14,32,-1,131.60,116.20
Saccade B,1,24,155584503,155651031,66528,616.81,754.14,670.47,802.77,3.84,100.36,0.50,57.67,3130.41,348.49,1739.45
Fixation B,1,23,155651031,155750885,99854,671.15,759.88,5,10,-1,133.00,117.00
Saccade B,1,25,155750885,155817382,66497,671.27,760.71,670.29,733.36,1.57,37.92,0.50,23.66,1396.84,577.09,986.96
Fixation B,1,24,155817382,156017120,199738,676.69,744.07,15,31,-1,133.67,107.33
Saccade B,1,26,156017120,156083618,66498,682.27,754.93,687.80,745.38,0.66,15.30,0.50,9.89,592.64,309.09,450.87
Blink B,1,9,156116882,156649261,532379
Fixation B,1,25,156649261,156749145,99884,683.23,756.20,3,14,-1,139.00,102.33
Blink B,1,10,156749145,156882263,133118
Saccade B,1,27,156915496,156982025,66529,572.71,842.53,589.78,755.21,7.40,123.28,0.50,111.25,6685.23,3576.84,5131.04
Fixation B,1,26,156982025,157281524,299499,605.11,757.99,16,12,-1,135.11,116.11
Saccade B,1,28,157281524,157348144,66620,614.54,734.51,601.77,756.52,2.06,35.30,0.50,30.96,1848.09,497.66,1172.87
Fixation B,1,27,157348144,157547760,199616,615.72,748.50,9,30,-1,135.50,109.67
Blink B,1,11,157547760,157714141,166381
Blink B,1,12,157747375,158246520,499145
Fixation B,1,28,158246520,158346374,99854,642.28,817.90,13,31,-1,142.00,89.67
Saccade B,1,29,158346374,158412872,66498,639.66,828.81,635.78,783.95,2.49,62.45,0.50,37.51,1685.88,1515.85,1600.87
Fixation B,1,29,158412872,158479522,66650,641.68,792.08,7,1,-1,141.00,116.00
Blink B,1,13,158479522,158745635,266113
Blink B,1,14,158778869,158878753,99884
Fixation B,1,30,158878753,159045135,166382,695.41,789.25,55,36,-1,138.60,109.80
Saccade B,1,30,159045135,159111633,66498,753.80,859.64,748.80,736.05,10.27,171.39,0.50,154.42,9175.32,4827.77,7001.55
Fixation B,1,31,159111633,159244812,133179,811.35,719.87,83,28,-1,126.50,114.25
Saccade B,1,31,159244812,159344787,99975,892.36,696.59,952.82,671.84,14.58,191.45,0.50,145.83,11091.65,905.13,5758.46
Fixation B,1,32,159344787,159411224,66437,953.11,662.78,20,24,-1,125.00,116.50
Saccade B,1,32,159411224,159477874,66650,951.81,665.25,938.82,617.64,2.88,68.13,0.50,43.21,1878.57,1804.29,1841.43
Fixation B,1,33,159477874,159610961,133087,960.51,637.86,38,40,-1,123.75,120.00
Saccade B,1,33,159610961,159743957,132996,978.74,568.47,1038.16,687.82,14.07,202.12,0.50,105.81,8231.48,2156.39,5418.79
Fixation B,1,34,159743957,159843750,99793,1021.57,676.70,50,35,-1,119.00,113.33
Saccade B,1,34,159843750,159910278,66528,983.64,652.42,930.08,551.10,5.49,158.67,0.50,82.56,4642.11,2387.94,3515.03
Fixation B,1,35,159910278,160076629,166351,974.04,608.88,31,47,-1,125.20,120.00
Saccade B,1,35,160076629,160143341,66712,955.40,629.65,962.61,549.43,5.89,111.11,0.50,88.30,5273.58,2642.17,3957.87
Fixation B,1,36,160143341,160242980,99639,915.26,586.80,54,54,-1,118.67,118.33
Saccade B,1,36,160242980,160309631,66651,867.69,642.21,813.01,671.71,4.49,85.70,0.50,67.31,1424.21,375.56,899.89
Fixation B,1,37,160309631,160442871,133240,749.05,687.92,52,9,-1,127.25,112.00
Saccade B,1,37,160442871,160509368,66497,716.15,690.43,719.30,648.59,2.35,58.20,0.50,35.30,1998.03,658.79,1328.41
Fixation B,1,38,160509368,160842071,332703,710.99,682.88,17,9,-1,128.70,111.30
Saccade B,1,38,160842071,160908599,66528,704.78,683.97,692.55,673.02,1.27,22.75,0.50,19.12,590.45,268.99,429.72
Fixation B,1,39,160908599,161041625,133026,695.21,668.00,5,7,-1,129.50,113.00
Saccade B,1,39,161041625,161108276,66651,698.07,665.32,696.57,672.20,0.46,9.73,0.50,6.92,279.12,269.21,274.16
Fixation B,1,40,161108276,161208007,99731,692.50,682.73,5,11,-1,129.67,113.67
Saccade B,1,40,161208007,161274658,66651,690.56,690.44,703.89,660.51,1.62,45.28,0.50,24.25,1445.59,97.21,771.40
Fixation B,1,41,161274658,161507507,232849,705.22,662.68,4,8,-1,128.86,114.43
Saccade B,1,41,161507507,161574127,66620,707.24,659.86,702.84,650.23,0.72,14.69,0.50,10.82,248.63,224.90,236.77
Fixation B,1,42,161574127,161673858,99731,707.52,651.58,2,3,-1,130.00,113.00
Saccade B,1,42,161673858,161773773,99915,707.30,643.40,718.14,606.29,2.06,48.88,0.50,20.65,1329.17,124.77,541.31
Fixation B,1,43,161773773,161873504,99731,713.08,626.67,10,3,-1,129.67,110.33
Blink B,1,15,161873504,162039886,166382
Fixation B,1,44,162073242,162173004,99762,715.74,623.27,2,2,-1,128.67,110.67
Blink B,1,16,162173004,162539001,365997
Saccade B,1,43,162605621,162672119,66498,1007.69,702.54,693.63,684.33,16.45,436.33,0.50,247.36,11430.50,1495.98,6463.24
Blink B,1,17,162705383,163104766,399383
Fixation B,1,45,163104766,163171264,66498,662.71,652.62,2,0,-1,129.00,120.00
Blink B,1,18,163171264,163670379,499115
Fixation B,1,46,163703735,163803527,99792,715.22,609.16,53,10,-1,119.67,111.33
Saccade B,1,44,163803527,163870117,66590,666.01,612.96,487.44,574.12,9.63,253.46,0.50,144.58,6561.78,652.46,3607.12
Fixation B,1,47,163870117,164036499,166382,470.80,578.11,18,7,-1,126.20,113.00
Saccade B,1,45,164036499,164102996,66497,483.71,588.77,493.80,590.93,0.78,14.31,0.50,11.70,364.48,281.72,323.10
Fixation B,1,48,164102996,164202880,99884,510.72,592.43,18,5,-1,128.00,111.33
Blink B,1,19,164202880,164668762,465882
Saccade B,1,46,164701995,164768524,66529,565.89,615.44,558.70,678.42,4.11,87.93,0.50,61.73,1579.85,907.56,1243.70
Fixation B,1,49,164768524,164835113,66589,563.82,641.76,1,3,-1,126.00,108.50
Saccade B,1,47,164835113,164934875,99762,560.76,707.93,569.28,663.12,7.27,96.17,0.50,72.90,5564.98,2545.87,4002.05
Fixation B,1,50,164934875,165068023,133148,580.95,631.32,17,13,-1,129.50,111.25
Saccade B,1,48,165068023,165134521,66498,599.46,617.21,598.24,721.14,5.59,144.15,0.50,84.06,4982.52,493.04,2737.78
Fixation B,1,51,165134521,165201110,66589,601.98,644.64,2,22,-1,128.00,111.00
Saccade B,1,49,165201110,165267639,66529,595.50,691.54,595.73,629.33,5.58,86.21,0.50,83.80,5028.37,3391.21,4209.79
Fixation B,1,52,165267639,165334228,66589,619.16,636.22,45,9,-1,125.50,107.00
Saccade B,1,50,165334228,165400756,66528,681.12,799.35,724.44,987.93,16.41,268.12,0.50,246.73,6155.06,1292.26,3723.66
Saccade B,1,51,165633636,165766937,133301,2578.01,2201.06,4003.73,-1655.15,817.91,10531.06,0.50,6135.80,295710.38,32448.47,189163.14
Fixation B,1,53,166568176,166964752,396576,497.92,421.94,83,214,-1,128.00,99.25
Saccade B,1,52,166964752,167031250,66498,545.86,518.20,512.96,518.50,1.94,45.59,0.50,29.20,1752.73,475.36,1114.04
Fixation B,1,54,167031250,168561889,1530639,565.16,528.03,62,16,-1,118.63,99.35
Saccade B,1,53,168561889,168628509,66620,571.33,529.29,571.33,544.08,1.01,20.43,0.50,15.15,333.22,326.53,329.87
Fixation B,1,55,168628509,168695007,66498,570.99,532.53,2,15,-1,127.50,107.00
Saccade B,1,54,168695007,168761657,66650,576.34,548.72,571.66,522.26,2.39,37.27,0.50,35.81,2152.30,1679.13,1915.71
Saccade B,1,55,168795471,168861480,66009,580.33,593.91,586.99,778.09,11.85,259.67,0.50,179.47,4908.28,2966.25,3937.26
Fixation B,1,56,168861480,168994537,133057,591.90,739.91,7,55,-1,125.25,118.50
Saccade B,1,56,168994537,169061035,66498,591.09,765.88,596.33,696.90,5.65,95.77,0.50,84.93,5100.00,2242.69,3671.34
Fixation B,1,57,169061035,169227416,166381,595.59,657.79,6,49,-1,130.40,117.00
Blink B,1,20,169227416,169693298,465882
Fixation B,1,58,169726531,169826385,99854,447.23,478.35,22,18,-1,123.00,105.00
Saccade B,1,57,169826385,169926239,99854,489.19,445.08,527.02,413.27,4.10,55.15,0.50,41.06,1263.77,198.81,827.79
Fixation B,1,59,169926239,170325500,399261,551.08,421.42,13,8,-1,129.42,99.00
Saccade B,1,58,170325500,170425384,99884,551.64,412.41,554.01,399.65,1.16,15.62,0.50,11.63,590.17,81.50,273.44
Fixation B,1,60,170425384,170558502,133118,558.30,403.30,3,6,-1,128.75,98.00
Saccade B,1,59,170558502,170624999,66497,559.96,399.71,560.16,510.93,5.32,154.26,0.50,80.06,4815.88,98.59,2457.24
Fixation B,1,61,170624999,170824615,199616,552.43,556.81,4,23,-1,133.17,115.33
Saccade B,1,60,170824615,170891265,66650,549.17,553.57,589.36,645.26,4.97,138.73,0.50,74.50,4011.54,414.90,2213.22
Fixation B,1,62,170891265,170957763,66498,592.92,643.89,0,6,-1,138.50,125.00
Saccade B,1,61,170957763,171024261,66498,598.60,636.30,601.65,623.56,0.93,18.17,0.50,14.05,362.38,239.84,301.11
Fixation B,1,63,171024261,171124114,99853,598.53,599.57,6,25,-1,138.00,121.33
Saccade B,1,62,171124114,171190612,66498,607.75,566.17,616.61,544.50,2.06,32.44,0.50,30.99,266.84,107.97,187.41
Fixation B,1,64,171190612,171290496,99884,628.64,516.45,15,30,-1,138.33,115.67
Saccade B,1,63,171290496,171356994,66498,644.03,482.23,654.39,459.65,2.03,34.42,0.50,30.56,235.76,69.92,152.84
Fixation B,1,65,171390380,171623260,232880,665.83,407.20,10,35,-1,136.00,105.00
Blink B,1,21,171623260,172155639,532379
Fixation B,1,66,172188995,172920989,731994,587.74,482.15,170,18,-1,133.45,108.95
Saccade B,1,64,172920989,172987487,66498,596.92,482.24,610.49,479.71,0.97,19.13,0.50,14.62,301.70,127.17,214.43
Fixation B,1,67,172987487,173054107,66620,617.98,475.32,6,2,-1,136.00,110.00
Saccade B,1,65,173054107,173120605,66498,529.48,476.83,408.55,491.69,9.86,168.83,0.50,148.26,4134.39,1303.59,2718.99
Fixation B,1,68,173120605,173253753,133148,432.49,504.95,70,27,-1,128.50,114.50
Saccade B,1,66,173253753,173320251,66498,516.97,657.52,569.15,873.46,16.85,308.12,0.50,253.40,5019.89,3385.39,4202.64
Blink B,1,22,173320251,173686370,366119
Fixation B,1,69,173719635,174055053,335418,434.56,643.33,164,61,-1,129.30,125.00
Saccade B,1,67,174055053,174120147,65094,508.89,634.49,544.04,521.79,7.11,172.78,0.48,109.25,4080.62,1542.65,2811.64
Fixation B,1,70,174120147,174320068,199921,550.25,443.24,74,34,-1,131.17,105.33
Saccade B,1,68,174320068,174387207,67139,576.17,431.98,586.73,422.20,1.07,19.71,0.50,16.00,932.31,608.34,770.32
Fixation B,1,71,174387207,174454528,67321,586.02,418.82,1,0,-1,134.00,103.00
Saccade B,1,69,174454528,174518249,63721,577.19,427.58,534.79,427.35,2.59,63.79,0.48,40.70,1705.02,557.86,1131.44
Fixation B,1,72,174518249,174584747,66498,538.50,431.49,6,0,-1,133.50,105.00
Saccade B,1,70,174584747,174651397,66650,549.24,432.53,559.39,427.67,0.86,15.61,0.50,12.95,263.69,31.61,147.65
Fixation B,1,73,174651397,174717864,66467,577.18,499.61,21,139,-1,133.50,104.50
Blink B,1,23,174717864,174884246,166382
Fixation B,1,74,174917510,175083892,166382,839.90,713.04,141,35,-1,125.20,117.60
Blink B,1,24,175083892,176082122,998230
Fixation B,1,75,176082122,176148742,66620,1091.20,753.44,43,46,-1,116.50,120.50
Saccade B,1,71,176148742,176215240,66498,1056.76,738.17,971.32,701.11,4.98,129.05,0.50,74.90,3575.98,2637.71,3106.85
Fixation B,1,76,176215240,176315124,99884,892.44,697.10,76,8,-1,127.33,122.33
Saccade B,1,72,176315124,176448242,133118,812.70,682.48,857.29,702.09,9.72,147.43,0.50,72.98,5824.66,514.09,3187.24
Fixation B,1,77,176448242,176714385,266143,763.78,685.37,128,14,-1,125.25,118.25
Saccade B,1,73,176714385,176781005,66620,702.08,683.89,692.21,662.83,1.24,32.14,0.50,18.62,1065.54,764.46,915.00
Fixation B,1,78,176781005,177013854,232849,677.15,610.92,14,57,-1,127.00,117.71
Saccade B,1,74,177013854,177080505,66651,674.94,575.70,679.28,560.90,1.13,21.38,0.50,16.90,406.00,322.10,364.05
Fixation B,1,79,177080505,177146972,66467,682.48,558.34,3,0,-1,129.50,115.00
Saccade B,1,75,177146972,177213500,66528,686.09,555.39,693.95,558.41,0.54,11.66,0.50,8.05,342.43,105.64,224.03
Saccade B,1,76,177246856,177313385,66529,704.00,563.65,709.57,570.54,0.69,12.27,0.50,10.33,155.04,47.84,101.44
Fixation B,1,80,177313385,177612884,299499,722.21,586.82,30,23,-1,128.89,116.22
Saccade B,1,77,177612884,177712615,99731,754.28,588.77,563.22,614.06,11.46,283.81,0.50,114.94,9155.92,418.29,3464.31
Fixation B,1,81,177712615,177779266,66651,583.45,623.77,45,15,-1,133.00,119.50
Saccade B,1,78,177779266,177945617,166351,667.32,644.87,615.59,641.00,19.33,298.37,0.50,116.20,10188.20,641.36,4350.59
Saccade B,1,79,177978881,178045501,66620,622.65,697.65,581.93,878.81,11.21,257.54,0.50,168.32,5567.68,3802.61,4685.15
Blink B,1,25,178045501,178477996,432495
Blink B,1,26,178511260,178677612,166352
Fixation B,1,82,178677612,178744232,66620,635.98,694.08,5,3,-1,129.50,122.50
Saccade B,1,80,178744232,178810760,66528,678.48,776.99,815.16,969.98,15.04,327.10,0.50,226.10,6139.97,3521.46,4830.72
Fixation B,1,83,178810760,179176757,365997,748.49,766.00,76,210,-1,129.82,121.64
Saccade B,1,81,179176757,179243377,66620,723.98,694.58,715.26,699.29,0.58,13.69,0.50,8.73,393.65,241.19,317.42
Fixation B,1,84,179243377,179309875,66498,706.58,694.01,6,5,-1,129.50,119.00
Saccade B,1,82,179309875,179376495,66620,866.46,691.60,1128.95,693.87,19.67,364.08,0.50,295.31,7102.23,4152.45,5627.34
Blink B,1,27,179409759,180075256,665497
Saccade B,1,83,180108489,180175018,66529,999.75,909.01,929.71,875.93,5.12,107.32,0.50,76.99,5733.75,3632.75,4683.25
Fixation B,1,85,180175018,180274871,99853,815.12,829.75,98,29,-1,124.67,125.00
Saccade B,1,84,180274871,180374755,99884,722.39,817.00,787.79,779.02,9.80,149.59,0.50,98.08,6502.95,360.70,4419.35
Fixation B,1,86,180374755,180507873,133118,708.69,763.55,82,24,-1,126.75,125.50
Saccade B,1,85,180507873,180574371,66498,635.15,743.76,598.95,737.70,3.18,50.90,0.50,47.78,278.40,242.91,260.66
Saccade B,1,86,180607635,180674255,66620,596.14,771.86,733.20,847.57,9.66,217.18,0.50,145.07,4841.66,3280.33,4061.00
Fixation B,1,87,180674255,180807250,132995,705.81,833.05,61,79,-1,126.00,129.00
Saccade B,1,87,180807250,180907135,99885,664.95,796.81,620.10,814.57,4.72,70.18,0.50,47.24,3410.26,1306.21,2183.27
Fixation B,1,88,180907135,181106750,199615,603.84,759.28,23,52,-1,127.17,125.83
Saccade B,1,88,181106750,181206634,99884,614.23,712.05,580.30,680.16,4.13,54.71,0.50,41.39,2270.00,279.96,1148.78
Fixation B,1,89,181206634,181472747,266113,564.63,593.80,26,126,-1,126.50,114.75
Saccade B,1,89,181472747,181539367,66620,593.28,540.76,609.10,532.48,1.36,24.65,0.50,20.48,280.91,271.65,276.28
Fixation B,1,90,181539367,181639129,99762,619.67,541.25,13,9,-1,128.67,110.67
Saccade B,1,90,181639129,181705749,66620,632.02,552.35,633.37,565.67,0.97,18.50,0.50,14.63,360.88,91.08,225.98
Fixation B,1,91,181705749,181872131,166382,646.15,584.05,21,29,-1,126.20,113.80
Saccade B,1,91,181872131,182005249,133118,666.78,607.21,350.32,617.19,13.98,24.54,0.50,105.02,8806.89,88.51,2469.88
Fixation B,1,92,182005249,182071746,66497,367.34,613.95,34,6,-1,124.00,120.00
Blink B,1,28,182071746,182737243,665497
Saccade B,1,92,182770538,182870361,99823,523.28,913.72,576.15,761.75,14.03,206.74,0.50,140.51,11691.15,4989.00,7499.32
Fixation B,1,93,182870361,183070007,199646,621.39,751.72,42,19,-1,127.67,122.00
Saccade B,1,93,183070007,183169860,99853,649.80,742.38,661.44,778.04,2.70,48.31,0.50,27.03,2155.11,1158.63,1558.90
Fixation B,1,94,183169860,183402740,232880,684.32,770.02,35,44,-1,130.43,111.00
Saccade B,1,94,183402740,183469360,66620,674.55,784.62,771.02,768.76,5.14,135.35,0.50,77.18,4598.46,203.11,2400.79
Blink B,1,29,183469360,184101623,632263
Fixation B,1,95,184101623,184201385,99762,1011.31,824.23,126,31,-1,122.67,123.00
Blink B,1,30,184201385,184301239,99854
Fixation B,1,96,184301239,184634002,332763,714.52,710.54,85,157,-1,128.70,120.10
Saccade B,1,95,184634002,184700500,66498,685.68,601.52,810.93,674.26,7.78,200.70,0.50,117.07,6624.84,630.07,3627.46
Fixation B,1,97,184700500,184866851,166351,918.31,696.31,8,50,-1,124.60,121.60
Saccade B,1,96,184866851,184933502,66651,987.67,708.42,1099.72,778.53,9.80,183.16,0.50,147.00,3927.13,2223.65,3075.39
Fixation B,1,98,184933502,185066589,133087,996.88,730.03,125,25,-1,119.75,122.50
Saccade B,1,97,185066589,185199615,133026,952.36,773.33,682.32,749.24,16.35,147.22,0.50,122.93,5832.96,1886.58,3884.09
Fixation B,1,99,185199615,185432617,233002,520.07,662.90,135,127,-1,122.00,116.43
Saccade B,1,98,185432617,185499145,66528,465.62,590.68,406.39,607.62,3.51,85.37,0.50,52.78,2428.41,318.86,1373.63
Fixation B,1,100,185499145,185698760,199615,403.25,583.01,19,27,-1,122.17,114.67
Saccade B,1,99,185698760,185798614,99854,421.52,566.63,441.83,562.05,1.32,15.55,0.50,13.25,186.05,70.57,116.08
Fixation B,1,101,185798614,186064880,266266,475.52,559.79,33,20,-1,127.00,114.75
Saccade B,1,100,186064880,186131378,66498,490.75,577.59,489.10,586.40,0.72,12.43,0.50,10.76,282.68,173.32,228.00
Fixation B,1,102,186131378,186231262,99884,494.97,592.65,5,10,-1,129.00,118.67
Saccade B,1,101,186231262,186297760,66498,506.18,594.68,535.29,599.14,1.78,40.84,0.50,26.83,914.58,460.94,687.76
Fixation B,1,103,186297760,186464111,166351,521.65,606.15,12,2,-1,134.20,120.80
Saccade B,1,102,186464111,186530639,66528,518.13,607.22,475.85,591.74,2.49,62.40,0.50,37.40,1539.63,368.73,954.18
Fixation B,1,104,186530639,186663787,133148,476.53,601.98,26,6,-1,131.75,122.00
Saccade B,1,103,186663787,186763641,99854,506.72,610.47,380.47,553.18,7.16,125.66,0.50,71.67,2679.95,210.54,1561.33
Fixation B,1,105,186763641,186863372,99731,447.86,565.44,80,21,-1,129.67,121.67
Blink B,1,31,186929992,187495635,565643
Fixation B,1,106,187528991,187728607,199616,385.37,767.45,295,105,-1,124.33,122.17
Blink B,1,32,187795135,188028137,233002
Fixation B,1,107,188061370,188227752,166382,610.62,767.80,14,8,-1,128.20,121.00
Saccade B,1,104,188227752,188294250,66498,611.61,763.87,615.13,733.52,1.53,42.34,0.50,22.93,1338.88,311.32,825.10
Fixation B,1,108,188294250,188394134,99884,588.03,760.16,29,1,-1,124.67,117.67
Blink B,1,33,188427368,188793365,365997
Fixation B,1,109,188793365,188893463,100098,1028.45,557.28,126,67,-1,113.00,115.67
Saccade B,1,105,188893463,188959747,66284,839.09,498.21,645.16,353.13,16.59,338.09,0.50,250.36,6009.42,701.19,3355.30
Fixation B,1,110,188959747,189059661,99914,600.08,293.94,51,37,-1,129.00,86.33
Saccade B,1,106,189059661,189126129,66468,579.01,339.31,693.93,317.51,6.97,162.38,0.50,104.90,5274.43,777.38,3025.91
Fixation B,1,111,189126129,189226013,99884,668.47,378.29,81,56,-1,130.33,100.00
Saccade B,1,107,189226013,189325897,99884,567.98,435.83,951.13,668.37,23.93,355.51,0.50,239.55,9548.01,443.92,4613.56
Fixation B,1,112,189325897,189392395,66498,827.89,673.66,81,2,-1,124.00,127.00
Saccade B,1,108,189392395,189458862,66467,766.95,734.46,970.27,736.22,12.27,282.02,0.50,184.67,9635.71,3503.02,6569.36
Saccade B,1,109,189492248,189558746,66498,824.07,719.70,984.80,680.19,11.20,229.15,0.50,168.47,9940.41,482.24,5211.33
Saccade B,1,110,189592010,189658630,66620,936.61,614.14,1066.78,590.05,9.24,183.44,0.50,138.63,8159.79,3711.91,5935.85
Fixation B,1,113,189658630,189824981,166351,960.55,544.42,193,27,-1,117.20,116.40
Blink B,1,34,189824981,190224243,399262
Fixation B,1,114,190257507,190690124,432617,614.23,454.31,76,139,-1,135.46,108.38
Saccade B,1,111,190690124,190756622,66498,617.95,391.25,623.58,382.88,0.78,13.99,0.50,11.74,220.19,45.09,132.64
Saccade B,1,112,190790008,190856506,66498,637.19,372.46,598.29,360.98,2.27,56.21,0.50,34.21,1939.16,35.46,987.31
Fixation B,1,115,190856506,191289123,432617,620.14,357.24,33,24,-1,133.38,98.23
Saccade B,1,113,191289123,191388885,99762,587.30,378.10,558.79,384.98,1.90,23.50,0.50,19.03,246.36,50.49,135.53
Fixation B,1,116,191388885,191588500,199615,525.83,394.70,44,19,-1,130.83,104.83
Saccade B,1,114,191588500,191655120,66620,505.46,460.77,520.55,579.83,8.06,165.69,0.50,120.92,2714.13,2065.69,2389.91
Fixation B,1,117,191655120,191754882,99762,523.31,584.45,4,3,-1,131.33,120.00
Saccade B,1,115,191754882,191821502,66620,535.33,581.51,550.44,573.47,1.26,23.65,0.50,18.92,289.50,254.04,271.77
Fixation B,1,118,191821502,191921234,99732,570.65,568.26,21,2,-1,136.67,120.33
Saccade B,1,116,191921234,191987884,66650,587.52,578.18,602.80,583.70,1.23,22.43,0.50,18.42,393.07,316.33,354.70
Fixation B,1,119,191987884,192054382,66498,617.20,596.63,11,8,-1,135.50,123.00
Saccade B,1,117,192054382,192121002,66620,637.98,612.08,499.90,624.03,7.26,192.05,0.50,108.98,6382.72,181.68,3282.20
Blink B,1,35,192154266,192486999,332733
Saccade B,1,118,192586883,192653381,66498,-28.37,1160.74,201.56,831.14,30.46,557.39,0.50,458.04,11317.43,10833.69,11075.56
Saccade B,1,119,192686614,192753265,66651,138.32,1150.62,285.49,1081.75,14.68,225.16,0.50,220.23,10158.28,6020.67,8089.47
Blink B,1,36,192786499,192886260,99761
Saccade B,1,120,192919647,193019409,99762,516.13,914.69,586.44,730.78,12.56,297.26,0.50,125.94,9795.48,1261.58,6488.46
Fixation B,1,120,193052642,193884490,831848,593.03,746.25,52,65,-1,127.31,122.00
Saccade B,1,121,193917877,194017639,99762,566.99,778.46,562.96,749.86,26.19,408.52,0.50,262.53,23407.21,489.08,11668.73
Fixation B,1,121,194017639,194084289,66650,553.10,761.50,0,27,-1,133.50,125.50
Blink B,1,37,194084289,194916137,831848
Saccade B,1,122,194949371,195015869,66498,1544.55,861.43,1402.85,826.61,10.52,202.19,0.50,158.25,11226.01,9139.03,10182.52
Saccade B,1,123,195049255,195115753,66498,1523.60,894.39,1138.06,807.86,23.05,547.53,0.50,346.61,20647.46,3011.55,11829.50
Saccade B,1,124,195148986,195215637,66651,928.26,796.41,741.19,809.95,13.23,259.90,0.50,198.49,3831.16,691.01,2261.08
Blink B,1,38,195215637,195514984,299347
Fixation B,1,122,195514984,195648162,133178,422.90,964.59,119,28,-1,118.25,106.75
Blink B,1,39,195681365,195781250,99885
Saccade B,1,125,195814514,195947631,133117,637.02,719.30,465.19,937.50,15.58,231.89,0.50,117.02,9320.63,430.84,6666.10
Blink B,1,40,195980865,196147247,166382
Fixation B,1,123,196147247,196613128,465881,659.82,617.63,124,119,-1,128.71,117.79
Saccade B,1,126,196613128,196679748,66620,607.49,596.75,605.05,603.67,0.57,10.17,0.50,8.48,185.96,175.43,180.70
Fixation B,1,124,196679748,196746246,66498,597.92,601.93,3,0,-1,131.00,120.50
Saccade B,1,127,196746246,196812744,66498,595.37,603.83,589.72,608.47,0.43,10.13,0.50,6.46,232.72,133.19,182.95
Fixation B,1,125,196812744,197445007,632263,586.30,647.85,27,70,-1,130.63,119.84
Blink B,1,41,197478271,198110504,632233
Saccade B,1,128,198143890,198276885,132995,183.25,1196.32,503.90,1098.98,31.78,540.27,0.50,238.96,18223.85,5090.47,11975.59
Fixation B,1,126,198276885,198343505,66620,532.97,1085.21,58,27,-1,126.00,92.00
Saccade B,1,129,198343505,198476623,133118,538.27,1018.54,604.90,1018.07,19.75,335.25,0.50,148.33,10877.76,3566.15,6782.85
Blink B,1,42,198476623,198576385,99762
Fixation B,1,127,198576385,198676239,99854,632.43,971.59,8,11,-1,121.67,98.67
Saccade B,1,130,198676239,198809417,133178,633.98,965.17,644.44,777.95,18.61,232.91,0.50,139.76,13383.14,1037.53,7869.34
Fixation B,1,128,198809417,198909149,99732,645.51,765.03,3,23,-1,130.33,122.33
Blink B,1,43,198975738,199075500,99762
Fixation B,1,129,199075500,199142150,66650,640.13,731.78,7,48,-1,129.00,119.50
Saccade B,1,131,199142150,199208648,66498,630.61,708.01,592.19,914.47,10.30,291.26,0.50,154.84,8660.60,2208.55,5434.58
Saccade B,1,132,199241882,199308502,66620,606.80,740.24,581.64,955.19,10.04,298.78,0.50,150.67,8962.10,7261.35,8111.73
Saccade B,1,133,199341766,199408264,66498,584.56,892.02,598.17,713.94,8.41,247.49,0.50,126.44,7521.80,2803.26,5162.53
Fixation B,1,130,199408264,199508117,99853,603.00,706.93,4,4,-1,134.00,116.67
Saccade B,1,134,199508117,199574645,66528,603.70,710.95,576.42,677.32,2.16,60.01,0.50,32.50,1899.17,42.64,970.90
Saccade B,1,135,199608001,199674499,66498,574.38,681.82,592.27,718.41,2.07,56.44,0.50,31.10,1848.71,541.82,1195.27
Fixation B,1,131,199707763,199807647,99884,561.28,686.97,2,2,-1,120.67,109.33
Blink B,1,44,199807647,200107116,299469
Fixation B,1,132,200107116,200173614,66498,736.15,731.88,24,18,-1,127.00,111.00
Saccade B,1,136,200173614,200306762,133148,704.21,700.92,875.16,745.28,12.99,100.81,0.50,97.54,8815.57,2471.41,5280.99
Fixation B,1,133,200306762,200373382,66620,851.80,750.65,46,10,-1,124.00,111.50
Blink B,1,45,200373382,201138641,765259
Blink B,1,46,201171966,201271759,99793
Blink B,1,47,201304992,201404876,99884
Fixation B,1,134,201404876,201504638,99762,577.08,766.11,43,85,-1,127.33,118.33
Saccade B,1,137,201504638,201571289,66651,617.81,699.49,578.65,643.24,4.35,95.06,0.50,65.25,2688.15,1535.01,2111.58
Fixation B,1,135,201571289,202003753,432464,654.02,544.92,102,101,-1,130.85,112.69
Saccade B,1,138,202003753,202070373,66620,699.40,526.35,703.79,533.58,0.63,11.72,0.50,9.43,167.15,53.15,110.15
Fixation B,1,136,202070373,202136871,66498,704.69,543.89,2,7,-1,127.50,111.00
Saccade B,1,139,202136871,202203399,66528,695.07,545.27,653.78,522.40,2.69,65.40,0.50,40.48,1522.13,709.49,1115.81
Fixation B,1,137,202203399,202303253,99854,652.15,535.62,1,6,-1,127.67,109.33
Saccade B,1,140,202303253,202369781,66528,653.70,544.02,651.21,553.91,0.75,14.12,0.50,11.22,247.51,217.16,232.34
Fixation B,1,138,202369781,202502899,133118,645.59,569.21,12,18,-1,129.00,113.00
Saccade B,1,141,202502899,202569549,66650,632.44,582.40,629.40,594.70,0.88,17.56,0.50,13.27,421.20,105.78,263.49
Fixation B,1,139,202569549,202702514,132965,616.01,609.36,26,29,-1,132.00,116.50
Saccade B,1,142,202702514,202869018,166504,586.20,629.87,887.73,685.94,23.43,470.86,0.50,140.73,12740.25,176.74,5922.66
Saccade B,1,143,202902252,202968749,66497,862.95,693.95,1068.12,739.12,10.88,291.11,0.50,163.61,9703.98,1126.40,5415.19
Fixation B,1,140,202968749,203235015,266266,876.29,732.93,316,21,-1,125.13,120.25
Saccade B,1,144,203235015,203301513,66498,693.82,749.13,776.64,700.20,5.60,133.42,0.50,84.29,5007.96,896.69,2952.33
Fixation B,1,141,203301513,203434631,133118,673.66,686.04,121,22,-1,127.50,116.50
Blink B,1,48,203434631,204233245,798614
Blink B,1,49,204266510,204366363,99853
Saccade B,1,145,204399627,204466125,66498,498.21,971.92,558.26,766.71,16.88,296.55,0.50,253.89,15052.69,5276.09,10164.39
Fixation B,1,142,204466125,204599243,133118,613.14,801.36,77,29,-1,130.50,116.00
Saccade B,1,146,204599243,204665893,66650,648.18,806.96,683.16,796.86,2.03,50.45,0.50,30.49,1790.73,1406.12,1598.43
Fixation B,1,143,204665893,204765686,99793,687.17,792.16,12,13,-1,129.33,122.67
Saccade B,1,147,204765686,204832336,66650,688.50,796.87,721.23,797.22,1.77,45.40,0.50,26.59,1136.95,259.43,698.19
Fixation B,1,144,204832336,204998626,166290,727.76,781.63,47,23,-1,126.00,117.40
Saccade B,1,148,204998626,205065124,66498,749.91,772.07,730.32,789.45,1.34,36.29,0.50,20.13,1180.31,993.32,1086.82
Fixation B,1,145,205065124,205198272,133148,729.85,793.82,44,14,-1,130.00,123.25
Blink B,1,50,205198272,205497772,299500
Fixation B,1,146,205497772,205564270,66498,1047.56,776.86,211,0,-1,116.00,122.00
Blink B,1,51,205564270,206030120,465850
Blink B,1,52,206063385,206196533,133148
Fixation B,1,147,206196533,206296386,99853,622.08,837.26,59,59,-1,129.00,120.67
Saccade B,1,149,206296386,206362884,66498,573.61,792.34,645.04,816.59,4.71,104.52,0.50,70.78,4175.28,387.79,2281.54
Fixation B,1,148,206362884,206429382,66498,634.19,825.86,4,10,-1,126.00,117.00
Blink B,1,53,206429382,206562500,133118
Blink B,1,54,206595764,207028381,432617
Fixation B,1,149,207028381,207094879,66498,588.63,724.41,7,0,-1,130.50,123.50
Saccade B,1,150,207094879,207194763,99884,583.71,706.24,578.01,657.45,3.71,74.81,0.50,37.17,2493.07,766.18,1586.19
Fixation B,1,150,207194763,207827026,632263,539.80,441.65,59,265,-1,130.84,106.11
Saccade B,1,151,207827026,207893524,66498,528.00,360.72,456.86,340.23,3.86,102.68,0.50,58.11,2725.83,453.05,1589.44
Fixation B,1,151,207893524,208093261,199737,486.64,351.82,50,43,-1,128.50,98.00
Blink B,1,55,208126525,208991638,865113
Blink B,1,56,209024871,209124755,99884
Saccade B,1,152,209158020,209291168,133148,272.93,826.77,423.80,989.49,36.06,321.39,0.50,270.79,22348.36,5217.17,13062.60
Blink B,1,57,209391021,209490783,99762
Fixation B,1,152,209524017,209623901,99884,765.57,506.27,82,126,-1,126.00,104.67
Saccade B,1,153,209623901,209690399,66498,805.54,414.62,828.01,328.10,6.48,123.87,0.50,97.40,2243.24,1772.03,2007.63
Fixation B,1,153,209690399,209856811,166412,714.88,254.61,125,57,-1,126.00,79.40
Saccade B,1,154,209856811,209989898,133087,594.45,422.34,514.20,1012.69,28.82,494.97,0.50,216.58,14179.93,3185.97,7453.92
Blink B,1,58,210023132,210256134,233002
Saccade B,1,155,210289428,210355895,66467,526.23,929.41,563.07,760.37,11.74,239.94,0.50,176.69,10622.13,2436.23,6529.18
Fixation B,1,154,210355895,210489013,133118,569.86,748.50,11,9,-1,133.50,116.75
Blink B,1,59,210555633,210688751,133118
Fixation B,1,155,210688751,210855010,166259,575.09,743.69,31,15,-1,135.00,109.80
Saccade B,1,156,210888397,211021392,132995,529.54,663.58,338.54,567.04,12.57,143.22,0.50,94.51,5297.39,2132.37,4089.55
Fixation B,1,156,211021392,211187774,166382,357.52,555.70,37,20,-1,117.20,113.60
Saccade B,1,157,211187774,211254394,66620,370.31,527.12,341.78,491.42,3.02,63.16,0.50,45.39,1159.55,915.44,1037.49
Fixation B,1,157,211254394,211387542,133148,360.66,487.48,29,4,-1,123.00,108.75
Saccade B,1,158,211387542,211487274,99732,377.98,492.36,665.29,800.01,19.76,514.98,0.50,198.08,13444.26,59.86,5144.95
Fixation B,1,158,211487274,211553894,66620,650.77,901.94,15,169,-1,125.00,106.00
Saccade B,1,159,211553894,211687011,133117,645.13,808.12,631.23,861.98,14.26,204.58,0.50,107.10,8183.50,5230.72,6813.54
Fixation B,1,159,211687011,211786773,99762,628.23,867.11,6,24,-1,130.67,117.00
Saccade B,1,160,211786773,211886627,99854,608.94,880.71,550.94,1133.15,13.61,369.10,0.50,136.33,11414.33,524.51,4382.59
Fixation B,1,160,211886627,211986389,99762,539.32,1047.44,14,12,-1,126.00,104.33
Saccade B,1,161,211986389,212053039,66650,501.07,1061.92,536.22,1029.21,3.78,66.29,0.50,56.74,3370.86,977.16,2174.01
Saccade B,1,162,212086273,212152770,66497,539.31,1019.86,584.40,863.91,8.20,224.95,0.50,123.26,6114.19,887.54,3500.87
Saccade B,1,163,212186126,212252655,66529,556.54,885.62,596.75,885.79,2.93,55.67,0.50,43.98,2520.09,474.30,1497.20
Fixation B,1,161,212252655,212651885,399230,604.77,816.75,40,85,-1,129.67,120.25
Saccade B,1,164,212651885,212751770,99885,607.43,768.05,635.67,800.91,4.50,70.66,0.50,45.08,3396.15,1894.96,2614.64
Fixation B,1,162,212751770,212951416,199646,634.13,832.54,9,17,-1,129.83,121.50
Saccade B,1,165,212951416,213051269,99853,649.54,862.57,665.05,922.75,4.53,52.94,0.50,45.36,1600.04,1026.62,1322.15
Fixation B,1,163,213051269,213217651,166382,617.89,967.78,44,100,-1,136.60,92.40
Saccade B,1,166,213217651,213317535,99884,569.85,1051.81,-2322.39,2855.57,169.62,4854.58,0.50,1698.14,149987.39,791.45,52475.65
Saccade B,1,167,213350799,213483886,133087,3166.67,-8919.41,274.17,752.29,960.68,17457.66,0.50,7218.42,963935.62,116575.32,415927.93
Saccade B,1,168,213517150,213583648,66498,562.02,1025.21,58.40,53.04,68.76,1518.53,0.50,1034.09,61555.69,12184.41,36870.05
Fixation B,1,164,213583648,213650268,66620,538.90,836.78,0,20,-1,31.50,21.50
Saccade B,1,169,213650268,213849884,199616,538.96,826.68,1592.48,2165.24,406.93,3962.62,0.50,2038.56,238678.20,0.00,98108.83
Fixation B,1,165,213849884,213916381,66497,1593.46,2158.50,1,13,-1,0.00,0.00
Saccade B,1,170,213916381,214149414,233033,1600.00,2131.92,0.00,0.00,883.95,5291.28,0.50,3793.22,371927.09,305.34,202418.75
Fixation B,1,166,214215911,214515380,299469,586.38,456.21,58,111,-1,134.11,98.78
Blink B,1,60,214515380,215413787,898407
Fixation B,1,167,215413787,215480407,66620,471.27,738.54,2,12,-1,135.50,121.00
Saccade B,1,171,215480407,215546936,66529,475.94,741.55,556.56,684.83,5.00,136.71,0.50,75.09,4241.83,894.06,2567.94
Blink B,1,61,215546936,215680023,133087
Saccade B,1,172,215713256,215779876,66620,627.45,667.53,683.59,572.71,7.18,152.69,0.50,107.80,2732.90,2020.13,2376.52
Blink B,1,62,215813140,216478637,665497
Fixation B,1,168,216478637,216645019,166382,441.90,682.79,152,23,-1,117.20,80.40
Saccade B,1,173,216645019,216711517,66498,493.71,697.50,572.98,860.69,8.99,251.62,0.50,135.22,7208.23,1875.89,4542.06
Fixation B,1,169,216711517,217044250,332733,619.43,727.96,18,148,-1,132.40,100.20
Saccade B,1,174,217044250,217110900,66650,627.01,617.28,718.21,558.89,6.87,149.52,0.50,103.05,3785.07,1611.15,2698.11
Fixation B,1,170,217110900,217210632,99732,691.85,547.64,66,57,-1,134.67,98.33
Saccade B,1,175,217210632,217277282,66650,582.04,572.78,584.66,463.20,9.12,151.34,0.50,136.87,7526.45,4826.96,6176.71
Blink B,1,63,217277282,217377014,99732
Fixation B,1,171,217410400,217743164,332764,519.93,505.23,79,53,-1,125.20,90.50
Saccade B,1,176,217743164,217809631,66467,520.37,502.44,528.83,503.84,0.76,11.89,0.50,11.41,205.09,131.63,168.36
Fixation B,1,172,217809631,218209045,399414,539.21,500.72,30,133,-1,120.38,88.00
Saccade B,1,177,218209045,218275512,66467,538.95,486.26,532.30,484.70,0.48,9.47,0.50,7.16,274.58,268.37,271.48
Fixation B,1,173,218275512,218441894,166382,530.31,483.34,14,6,-1,125.20,89.20
Saccade B,1,178,218441894,218508392,66498,530.33,480.88,538.39,481.61,0.67,11.21,0.50,10.08,355.32,292.84,324.08
Fixation B,1,174,218508392,218641510,133118,536.59,485.32,2,2,-1,122.25,86.75
Blink B,1,64,218674774,219173889,499115
Fixation B,1,175,219207275,219340301,133026,626.64,481.40,4,10,-1,135.75,96.50
Saccade B,1,179,219340301,219406890,66589,624.16,471.78,622.48,479.83,0.64,11.36,0.50,9.65,564.05,152.86,358.46
Fixation B,1,176,219406890,219506652,99762,614.01,479.57,18,14,-1,136.00,91.33
Saccade B,1,180,219506652,219573272,66620,568.67,531.98,503.15,485.42,6.27,110.97,0.50,94.17,4015.32,1643.48,2829.40
Fixation B,1,177,219573272,219673034,99762,568.13,508.35,36,138,-1,133.67,80.67
Blink B,1,65,219673034,220238769,565735
Fixation B,1,178,220238769,220338653,99884,495.83,311.98,13,85,-1,111.00,72.67
Saccade B,1,181,220338653,220405151,66498,490.09,278.38,500.46,414.27,10.45,189.02,0.50,157.08,9445.41,7195.31,8320.36
Fixation B,1,179,220405151,220505035,99884,493.82,392.32,7,44,-1,114.67,74.00
Saccade B,1,182,220505035,220571533,66498,514.23,405.80,491.67,315.44,6.22,129.06,0.50,93.57,5592.18,2742.04,4167.11
Fixation B,1,180,220604766,220704650,99884,491.64,317.17,5,14,-1,115.67,75.33
Blink B,1,66,220704650,221203796,499146
Fixation B,1,181,221203796,221303527,99731,533.04,190.16,22,102,-1,99.33,62.00
Saccade B,1,183,221303527,221370147,66620,541.29,175.22,492.00,277.13,5.44,156.43,0.50,81.59,4550.93,3630.77,4090.85
Saccade B,1,184,221436645,221503295,66650,540.00,199.36,501.53,327.08,11.43,184.15,0.50,171.53,10241.63,8229.38,9235.50
Fixation B,1,182,221503295,221569763,66468,527.75,265.78,21,46,-1,102.00,68.00
Saccade B,1,185,221569763,221702911,133148,539.45,251.84,503.37,307.95,10.79,83.22,0.50,81.02,7280.34,2163.88,4374.50
Fixation B,1,183,221702911,221802764,99853,499.95,320.64,8,25,-1,108.33,70.00
Blink B,1,67,221836029,222202026,365997
Blink B,1,68,222235290,222468292,233002
Blink B,1,69,222501525,222834289,332764
Saccade B,1,186,222867523,222934143,66620,994.82,426.54,1088.68,417.00,6.07,130.74,0.50,91.05,5032.23,4851.75,4941.99
Blink B,1,70,222967407,223666137,698730
Saccade B,1,187,223699401,223832519,133118,705.84,666.53,776.27,726.85,21.94,108.05,0.50,164.82,18299.45,2872.17,8739.52
Saccade B,1,188,223899047,223965667,66620,877.53,769.44,600.35,527.48,30.18,508.44,0.50,452.97,26561.10,20762.61,23661.86
Fixation B,1,184,224032135,224098785,66650,146.83,436.08,55,6,-1,29.50,24.50
Saccade B,1,189,224298400,224364898,66498,-457.84,-1493.70,817.81,733.38,235.78,3556.35,0.50,3545.69,212980.49,87557.44,150268.97
Saccade B,1,190,224398162,224531280,133118,831.65,759.98,1019.25,659.02,18.53,212.74,0.50,139.16,8969.55,2107.70,4466.91
Fixation B,1,185,224531280,224597900,66620,1022.00,665.11,5,12,-1,67.00,44.50
Saccade B,1,191,224597900,224664398,66498,987.67,701.97,912.04,639.60,6.73,135.84,0.50,101.19,4197.32,1921.76,3059.54
Fixation B,1,186,224930633,225097045,166412,978.46,349.92,317,146,-1,77.20,41.20
Saccade B,1,192,225097045,225163543,66498,819.80,400.81,798.68,488.70,7.91,125.25,0.50,118.95,5965.92,5453.38,5709.65
Saccade B,1,193,225196777,225263397,66620,755.54,543.88,696.66,448.30,8.63,154.99,0.50,129.57,7463.59,4314.25,5888.92
Fixation B,1,187,225263397,225363159,99762,653.73,434.39,43,45,-1,127.67,78.33
Saccade B,1,194,225363159,225463043,99884,608.84,427.72,583.34,428.93,15.46,221.96,0.50,154.77,12867.78,454.26,6547.46
Fixation B,1,188,225463043,225662658,199615,561.58,418.78,22,23,-1,108.50,72.83
Saccade B,1,195,225662658,225762542,99884,545.96,388.86,551.08,356.64,10.50,162.31,0.50,105.08,8638.14,655.51,4629.92
Saccade B,1,196,225795776,225862274,66498,611.58,357.98,880.94,678.07,21.98,579.71,0.50,330.59,15465.67,2535.23,9000.45
Blink B,1,71,225862274,226261657,399383
Saccade B,1,197,226361389,226627655,266266,862.16,325.68,431.22,664.03,79.74,397.04,0.50,299.48,17597.95,4221.83,12285.66
Fixation B,1,189,226627655,226694274,66619,443.29,653.81,24,20,-1,113.00,75.50
Saccade B,1,198,226694274,226760833,66559,520.65,631.91,400.08,653.32,8.69,169.68,0.50,130.62,7853.44,1735.23,4794.33
Fixation B,1,190,226760833,226893890,133057,394.76,675.21,24,95,-1,116.00,78.00
Saccade B,1,199,226893890,226960418,66528,481.90,720.72,783.25,661.28,18.64,425.62,0.50,280.20,8829.98,4796.63,6813.31
Fixation B,1,191,226960418,227060272,99854,1207.78,573.61,291,19,-1,51.00,33.67
Saccade B,1,200,227060272,227126770,66498,1259.36,542.67,1075.41,571.01,13.13,257.91,0.50,197.43,9862.28,4560.07,7211.18
Fixation B,1,192,227193420,227293151,99731,1189.71,551.02,54,24,-1,66.33,43.00
Saccade B,1,201,227293151,227359802,66651,1139.95,544.15,898.16,469.52,13.21,350.63,0.50,198.14,9351.76,1640.26,5496.01
Fixation B,1,193,227359802,227426269,66467,916.06,637.08,14,69,-1,125.00,80.50
Blink B,1,72,227426269,228391265,964996
Fixation B,1,194,228391265,228457794,66529,1017.97,447.40,2,11,-1,129.00,98.00
Blink B,1,73,228457794,228757293,299499
Blink B,1,74,228790618,228923645,133027
Fixation B,1,195,228923645,228990264,66619,236.90,550.10,88,17,-1,108.50,67.50
Saccade B,1,202,228990264,229056762,66498,351.85,565.48,424.88,561.87,6.62,101.31,0.50,99.58,885.88,448.07,666.97
Fixation B,1,196,229056762,229123291,66529,495.10,583.96,39,13,-1,118.00,81.00
Saccade B,1,203,229123291,229256439,133148,398.80,675.61,562.69,730.25,18.90,214.78,0.50,141.98,7736.47,2590.84,6147.12
Fixation B,1,197,229256439,229356292,99853,580.52,713.23,47,46,-1,126.67,81.67
Saccade B,1,204,229356292,229422790,66498,657.76,665.07,707.03,822.15,11.13,228.33,0.50,167.38,9064.83,4227.42,6646.12
Blink B,1,75,229489410,229788909,299499
Fixation B,1,198,229788909,229888671,99762,477.43,732.42,48,32,-1,128.67,83.00
Blink B,1,76,229888671,230021789,133118
Blink B,1,77,230055023,230820434,765411
Saccade B,1,205,230920166,230986785,66619,833.29,651.06,722.44,812.76,17.10,270.67,0.50,256.75,10703.88,8166.15,9435.01
Saccade B,1,206,231053283,231119903,66620,521.27,762.65,562.67,571.16,17.89,271.48,0.50,268.61,16048.66,13171.17,14609.91
Saccade B,1,207,231186401,231252990,66589,604.23,699.87,627.20,568.53,11.85,184.93,0.50,178.03,10618.67,5152.17,7885.42
Saccade B,1,208,231419281,231485900,66619,-33.03,71.88,2894.86,-2130.47,243.40,5062.96,0.50,3653.55,177683.20,87942.32,132812.76
Fixation B,1,199,231951782,232018280,66498,354.06,383.20,160,89,-1,100.50,85.00
Saccade B,1,209,232018280,232084930,66650,480.63,385.72,546.91,477.09,8.12,156.41,0.50,121.82,7259.86,5630.59,6445.22
Fixation B,1,200,232084930,232184661,99731,626.74,507.40,20,23,-1,135.00,81.67
Saccade B,1,210,232217895,232317779,99884,803.99,544.68,775.06,455.54,18.86,279.76,0.50,188.78,12901.78,2417.40,6461.85
Fixation B,1,201,232317779,232417663,99884,786.46,467.22,14,2,-1,136.67,86.33
Saccade B,1,211,232417663,232517486,99823,803.46,471.37,515.53,539.95,14.24,378.90,0.50,142.70,10487.09,283.22,4081.96
Blink B,1,78,232550750,232650604,99854
Saccade B,1,212,232683898,232750427,66529,330.65,799.59,181.14,911.40,13.24,258.94,0.50,199.08,8137.69,5100.48,6619.08
Blink B,1,79,232750427,233549011,798584
Saccade B,1,213,233582275,233648742,66467,687.60,621.70,688.61,702.02,5.03,111.41,0.50,75.72,4500.89,1217.24,2859.07
Fixation B,1,202,233682006,233815155,133149,662.17,684.22,22,46,-1,137.50,103.00
Blink B,1,80,233881774,233981506,99732
Fixation B,1,203,234014739,234147888,133149,1168.77,509.32,87,49,-1,113.75,86.25
Saccade B,1,214,234147888,234214538,66650,1087.06,545.87,980.02,463.83,9.33,187.06,0.50,139.93,5106.36,2189.38,3647.87
Fixation B,1,204,234214538,234347564,133026,963.95,488.29,14,83,-1,122.75,94.00
Saccade B,1,215,234347564,234414215,66651,973.25,556.81,897.22,473.11,6.52,156.12,0.50,97.84,5802.17,1338.92,3570.55
Blink B,1,81,234414215,234746887,332672
Saccade B,1,216,234780242,234846740,66498,474.77,525.70,484.70,442.11,7.67,116.75,0.50,115.40,9075.57,6876.57,7976.07
Saccade B,1,217,234880340,234946594,66254,510.05,469.34,520.85,686.29,12.05,303.49,0.50,181.92,10583.96,5141.72,7862.84
Saccade B,1,218,235013122,235079620,66498,495.86,568.17,748.23,616.57,12.86,356.09,0.50,193.34,10045.99,2933.60,6489.80
Fixation B,1,205,235079620,235179504,99884,780.05,664.73,22,19,-1,122.67,79.67
Saccade B,1,219,235179504,235246063,66559,747.96,659.47,717.45,635.73,2.56,53.58,0.50,38.47,1132.82,752.29,942.56
Saccade B,1,220,235312530,235412445,99915,669.65,703.73,1060.50,657.97,21.18,381.01,0.50,211.98,13071.17,3047.51,7566.86
Fixation B,1,206,235412445,235746093,333648,880.05,645.00,227,57,-1,114.70,84.90
Saccade B,1,221,235746093,235845123,99030,765.45,661.09,1083.94,631.70,19.23,467.03,0.48,194.23,15515.92,608.48,6403.59
Fixation B,1,207,235845123,235978179,133056,1021.22,649.74,98,16,-1,108.75,83.25
Saccade B,1,222,235978179,236077972,99793,933.08,655.55,840.41,671.88,6.93,112.31,0.50,69.40,3188.47,936.37,2010.45
Fixation B,1,208,236077972,236177978,100006,907.17,610.57,12,63,-1,114.00,80.00
Saccade B,1,223,236177978,236244354,66376,901.64,595.25,824.32,518.43,5.99,151.58,0.50,90.18,5108.38,2685.08,3896.73
Blink B,1,82,236244354,236643646,399292
Fixation B,1,209,236643646,236876586,232940,799.93,546.54,123,26,-1,124.00,83.63
