Blink B,1,1,108825195,108958251,133056
Fixation B,1,1,108958251,109024749,66498,587.48,492.00,4,3,-1,110.50,87.00
Blink B,1,2,109024749,109324249,299500
Saccade B,1,1,109357604,109424194,66590,586.42,489.46,596.51,487.75,0.61,14.12,0.50,9.18,549.63,367.82,458.73
Fixation B,1,2,109424194,109690338,266144,586.19,487.97,25,3,-1,121.88,99.13
Blink B,1,3,109690338,110056488,366150
Fixation B,1,3,110056488,110488983,432495,564.06,433.39,18,48,-1,123.69,96.77
Saccade B,1,2,110488983,110555603,66620,558.43,416.32,569.33,408.83,0.85,18.33,0.50,12.78,506.75,368.50,437.63
Fixation B,1,4,110555603,110954986,399383,575.71,403.40,7,11,-1,114.92,87.08
Saccade B,1,3,110954986,111021362,66376,578.28,402.35,572.39,433.71,1.69,44.38,0.50,25.45,1146.43,166.32,656.37
Fixation B,1,5,111021362,111187713,166351,574.67,437.96,2,7,-1,115.00,89.40
Saccade B,1,4,111187713,111254364,66651,606.98,642.78,621.12,935.26,22.87,403.91,0.50,343.08,8413.40,3793.37,6103.39
Saccade B,1,5,111287628,111354095,66467,-1050.22,-2702.11,746.38,1171.32,389.06,5922.17,0.50,5853.37,352254.86,181063.94,266659.40
Fixation B,1,6,112385742,112518981,133239,619.83,418.80,53,124,-1,131.75,101.00
Saccade B,1,6,112518981,112618591,99610,646.64,509.07,559.37,507.28,6.41,126.67,0.50,64.40,4358.73,614.05,3030.12
Fixation B,1,7,112618591,112951354,332763,570.91,548.97,14,37,-1,128.20,109.40
Saccade B,1,7,112951354,113018005,66651,584.08,538.49,582.82,529.17,0.84,13.03,0.50,12.56,308.26,187.07,247.66
Fixation B,1,8,113018005,113084503,66498,585.17,517.29,1,8,-1,114.50,94.50
Saccade B,1,8,113084503,113151092,66589,584.54,507.60,580.49,497.92,0.75,14.56,0.50,11.23,208.61,151.34,179.98
Fixation B,1,9,113151092,114016235,865143,573.73,472.29,12,47,-1,106.38,86.19
Blink B,1,4,114016235,114315734,299499
Fixation B,1,10,114348968,114581878,232910,581.77,459.97,2,4,-1,112.00,88.29
Saccade B,1,9,114581878,114648468,66590,578.19,458.66,575.93,450.28,0.54,12.03,0.50,8.10,370.11,118.99,244.55
Fixation B,1,11,114648468,115247375,598907,576.71,445.85,8,5,-1,100.28,82.61
Saccade B,1,10,115247375,115314056,66681,581.24,444.84,587.82,446.64,0.41,9.44,0.50,6.13,222.42,164.80,193.61
Fixation B,1,12,115314056,115713226,399170,602.66,443.54,24,6,-1,110.42,85.58
Saccade B,1,11,115713226,115779907,66681,606.69,444.95,607.31,452.90,0.58,11.01,0.50,8.71,375.05,264.45,319.75
Fixation B,1,13,115779907,116245605,465698,623.20,457.85,17,8,-1,118.64,93.93
Saccade B,1,12,116245605,116345489,99884,625.23,453.58,594.36,443.27,1.66,35.47,0.50,16.62,1154.83,259.78,747.91
Fixation B,1,14,116345489,116511871,166382,601.79,435.84,8,3,-1,123.20,96.80
Saccade B,1,13,116511871,116578491,66620,606.73,435.90,597.72,412.52,1.22,34.75,0.50,18.33,1051.94,102.35,577.14
Fixation B,1,15,116578491,116711486,132995,606.48,422.19,12,14,-1,123.75,95.50
Saccade B,1,14,116711486,116778198,66712,619.80,436.18,622.76,449.85,1.06,19.33,0.50,15.89,314.79,86.32,200.56
Fixation B,1,16,116778198,116844604,66406,633.31,456.48,6,8,-1,123.50,97.50
Saccade B,1,15,116844604,116944458,99854,642.35,469.63,641.04,469.58,1.84,20.67,0.50,18.46,1210.50,57.99,597.65
Fixation B,1,17,116944458,117110992,166534,652.35,438.17,9,34,-1,125.40,98.00
Saccade B,1,16,117110992,117210601,99609,650.56,414.82,336.92,556.95,16.20,422.14,0.50,162.66,11054.67,215.49,4307.33
Fixation B,1,18,117210601,117277252,66651,121.74,728.49,25,34,-1,116.00,124.00
Blink B,1,5,117277252,117709869,432617
Fixation B,1,19,117709869,117776489,66620,151.95,945.70,25,50,-1,109.50,134.00
Saccade B,1,17,117776489,117976043,199554,259.13,886.52,539.03,628.00,22.90,204.06,0.50,114.77,7368.90,682.46,3653.64
Saccade B,1,18,118009246,118075866,66620,592.98,650.60,691.59,648.23,7.24,136.18,0.50,108.69,2166.18,2107.36,2136.77
Fixation B,1,20,118075866,118175598,99732,695.05,624.88,14,24,-1,129.67,128.33
Saccade B,1,19,118175598,118275482,99884,694.24,598.26,705.33,582.35,3.40,54.88,0.50,34.01,2526.75,492.19,1385.03
Fixation B,1,21,118275482,118575225,299743,689.38,552.89,31,17,-1,134.00,122.00
Saccade B,1,20,118575225,118641479,66254,693.59,562.51,811.88,578.21,6.60,166.72,0.50,99.67,4078.20,1156.52,2617.36
Fixation B,1,22,118641479,118741333,99854,773.11,583.13,54,3,-1,132.33,121.67
Blink B,1,6,118774719,119074096,299377
Fixation B,1,23,119140594,119939300,798706,726.16,512.04,321,111,-1,132.44,113.36
Saccade B,1,21,119939300,120005889,66589,678.78,490.52,665.17,490.17,1.06,18.89,0.50,15.90,404.94,306.57,355.75
Blink B,1,7,120005889,120571502,565613
Saccade B,1,22,120604736,120704620,99884,794.60,426.67,688.62,377.33,9.54,121.55,0.50,95.55,3082.21,527.66,1973.92
Fixation B,1,24,120704620,120871185,166565,666.38,416.90,21,50,-1,127.80,96.00
Saccade B,1,23,120871185,120971008,99823,656.28,433.43,458.15,481.00,10.20,219.48,0.50,102.19,6115.21,1705.34,4172.18
Fixation B,1,25,120971008,121203735,232727,499.23,468.67,54,13,-1,122.00,103.43
Saccade B,1,24,121203735,121270294,66559,534.55,466.20,548.01,468.69,1.00,18.99,0.50,15.00,427.59,314.29,370.94
Fixation B,1,26,121270294,121536468,266174,595.18,491.29,73,36,-1,129.63,105.25
Saccade B,1,25,121536468,121669616,133148,648.72,519.91,373.17,572.78,13.14,34.32,0.50,98.71,9309.12,903.73,4152.43
Fixation B,1,27,121669616,121769409,99793,444.12,565.19,147,12,-1,115.33,114.00
Saccade B,1,26,121769409,121836090,66681,415.40,507.01,221.44,450.41,14.73,277.69,0.50,220.95,8160.72,3584.71,5872.72
Saccade B,1,27,121869323,121935699,66376,72.62,417.75,250.91,419.70,9.65,248.20,0.50,145.40,8760.25,3808.75,6284.50
Saccade B,1,28,121969116,122068847,99731,191.32,399.80,458.57,453.33,13.95,221.83,0.50,139.83,5489.75,2073.39,4169.96
Fixation B,1,28,122068847,122501495,432648,594.12,483.16,259,80,-1,125.38,104.92
Saccade B,1,29,122501495,122634613,133118,659.31,423.78,721.42,621.57,10.32,31.01,0.50,77.49,7776.57,96.27,2977.02
Fixation B,1,29,122634613,122734344,99731,722.87,624.22,4,15,-1,116.33,105.33
Saccade B,1,30,122734344,122801025,66681,710.21,613.79,681.33,491.57,6.82,173.22,0.50,102.22,4296.56,1490.99,2893.78
Fixation B,1,30,122801025,123167205,366180,696.42,427.16,26,79,-1,118.55,92.27
Saccade B,1,31,123167205,123333343,166138,657.29,345.90,763.46,388.27,13.94,52.15,0.50,83.93,9517.42,186.42,3004.99
Fixation B,1,31,123333343,123499725,166382,712.49,346.84,102,78,-1,116.80,83.60
Saccade B,1,32,123499725,123566314,66589,699.50,352.55,859.41,511.71,13.10,312.92,0.50,196.67,7001.69,3593.84,5297.77
Blink B,1,8,123599578,124165222,565644
Saccade B,1,33,124198455,124298461,100006,1043.64,516.56,894.50,476.10,9.85,114.85,0.50,98.45,4263.21,1650.11,3159.68
Fixation B,1,32,124298461,124731079,432618,702.31,510.19,203,54,-1,130.54,111.15
Saccade B,1,34,124731079,124797546,66467,626.39,530.94,620.21,523.80,0.82,13.12,0.50,12.36,214.36,167.84,191.10
Fixation B,1,33,124797546,124930603,133057,604.26,525.61,19,2,-1,135.25,113.00
Saccade B,1,35,124930603,124997070,66467,594.30,517.96,644.24,568.90,3.66,98.85,0.50,55.08,3230.03,401.61,1815.82
Fixation B,1,34,124997070,125196716,199646,622.87,558.54,28,24,-1,134.33,116.83
Saccade B,1,36,125196716,125263366,66650,613.06,541.82,613.34,534.06,0.50,10.71,0.50,7.55,198.23,195.80,197.02
Fixation B,1,35,125263366,125396453,133087,623.70,524.13,11,16,-1,137.25,115.00
Saccade B,1,37,125396453,125496246,99793,628.56,508.20,517.65,444.93,6.60,158.24,0.50,66.09,4617.68,327.57,3074.09
Fixation B,1,36,125496246,125895629,399383,556.65,370.16,63,79,-1,127.42,100.67
Saccade B,1,38,125895629,125995452,99823,591.71,372.50,612.43,422.03,3.14,44.24,0.50,31.41,801.80,428.36,635.73
Fixation B,1,37,125995452,126261627,266175,639.54,456.43,39,36,-1,140.63,114.50
Saccade B,1,39,126261627,126328094,66467,661.14,448.87,669.51,426.63,1.80,32.88,0.50,27.01,665.10,393.71,529.40
Fixation B,1,38,126328094,126394714,66620,683.08,416.33,7,0,-1,138.00,109.50
Saccade B,1,40,126394714,126494476,99762,706.13,423.41,624.91,417.29,5.17,110.84,0.50,51.83,4189.22,601.97,2711.13
Fixation B,1,39,126494476,126727447,232971,727.69,461.47,141,79,-1,136.14,113.86
Saccade B,1,41,126727447,126793975,66528,640.76,513.14,473.43,544.19,15.11,235.18,0.50,227.13,7606.79,1051.44,4329.12
Fixation B,1,40,126793975,126893829,99854,357.90,614.69,67,18,-1,127.67,127.67
Saccade B,1,42,126893829,126960357,66528,474.70,620.09,315.37,673.31,11.08,232.14,0.50,166.49,9854.10,339.66,5096.88
Fixation B,1,41,126960357,127027099,66742,371.72,666.07,73,12,-1,128.50,131.50
Blink B,1,9,127027099,127326477,299378
Blink B,1,10,127359741,127725708,365967
Saccade B,1,43,127759185,127825592,66407,252.84,791.22,328.09,781.66,5.81,105.60,0.50,87.55,10335.18,1090.56,5712.87
Fixation B,1,42,127825592,127892089,66497,421.24,764.80,40,0,-1,130.50,124.00
Saccade B,1,44,127892089,127991973,99884,467.38,749.08,352.28,703.46,10.97,227.11,0.50,109.84,8539.39,867.70,5728.19
Fixation B,1,43,127991973,128324707,332734,487.81,673.75,154,59,-1,132.20,127.50
Saccade B,1,45,128324707,128391296,66589,555.90,633.38,547.69,799.63,8.21,230.65,0.50,123.36,7274.97,250.24,3762.61
Fixation B,1,44,128391296,128491088,99792,598.23,846.70,21,57,-1,130.00,127.67
Saccade B,1,46,128491088,128557586,66498,612.48,789.75,644.23,859.03,4.61,105.70,0.50,69.27,4041.61,853.08,2447.35
Saccade B,1,47,128657470,128723937,66467,653.03,959.03,648.49,751.65,17.06,287.69,0.50,256.66,15439.15,13109.37,14274.26
Saccade B,1,48,128757202,128857086,99884,649.25,810.09,650.80,744.01,10.04,144.19,0.50,100.51,7433.03,3831.27,5732.79
Fixation B,1,45,128857086,129023468,166382,654.95,807.96,18,26,-1,134.80,131.20
Saccade B,1,49,129023468,129089996,66528,667.48,783.00,669.76,739.40,2.52,60.50,0.50,37.85,1385.27,327.01,856.14
Fixation B,1,46,129089996,129555847,465851,673.64,646.63,20,249,-1,138.00,127.36
Saccade B,1,50,129555847,129622436,66589,635.48,475.09,624.05,401.94,5.91,102.59,0.50,88.76,1991.96,1800.93,1896.44
Fixation B,1,47,129622436,129988464,366028,614.04,256.51,25,200,-1,138.36,90.73
Saccade B,1,51,129988464,130188079,199615,616.13,129.51,627.30,46.61,25.85,146.93,0.50,129.51,13551.14,1750.33,7560.87
Fixation B,1,48,130188079,130288055,99976,632.73,37.38,13,19,-1,136.00,66.00
Saccade B,1,52,130288055,130354461,66406,660.65,13.69,612.15,44.20,3.75,79.69,0.50,56.54,3411.70,404.77,1908.23
Fixation B,1,49,130354461,130554138,199677,610.40,-7.88,22,89,-1,134.67,61.17
Saccade B,1,53,130554138,130620727,66589,615.00,-31.33,685.01,-63.24,3.76,106.43,0.50,56.40,3230.41,431.92,1831.17
Saccade B,1,54,130653991,130720489,66498,684.23,-30.92,719.14,216.71,13.02,346.54,0.50,195.84,9341.96,1611.90,5476.93
Fixation B,1,50,130720489,130787200,66711,669.28,131.45,32,72,-1,133.00,83.00
Blink B,1,11,130787200,131086608,299408
Fixation B,1,51,131086608,131153106,66498,1240.60,611.15,54,8,-1,114.00,113.50
Blink B,1,12,131153106,131652221,499115
Fixation B,1,52,131652221,131752136,99915,1205.58,970.68,306,281,-1,115.33,133.67
Saccade B,1,55,131785339,131851928,66589,996.02,782.18,1257.42,849.31,13.45,373.98,0.50,201.94,11092.21,4175.09,7633.65
Blink B,1,13,131851928,132384368,532440
Saccade B,1,56,132417602,132550933,133331,1181.83,808.97,891.46,709.38,13.25,115.84,0.50,99.35,4088.45,412.65,1480.05
Blink B,1,14,132583953,132816833,232880
Fixation B,1,53,132816833,132916717,99884,799.44,690.66,52,27,-1,133.00,121.33
Saccade B,1,57,132916717,133016479,99762,753.20,666.67,716.56,618.73,4.83,83.42,0.50,48.44,2815.73,288.72,1698.87
Fixation B,1,54,133016479,133149597,133118,687.50,654.49,37,11,-1,130.50,121.00
Saccade B,1,58,133149597,133216217,66620,652.82,633.63,528.19,447.53,11.86,309.52,0.50,177.98,7889.98,1715.29,4802.63
Fixation B,1,55,133216217,133282897,66680,370.26,297.57,50,23,-1,124.00,89.00
Saccade B,1,59,133282897,133382598,99701,370.63,283.67,402.20,296.04,13.21,189.09,0.50,132.46,10779.66,3305.50,6634.98
Fixation B,1,56,133382598,133815216,432618,478.47,343.61,100,84,-1,127.77,97.69
Saccade B,1,60,133815216,133881713,66497,528.31,510.77,566.85,705.53,16.15,274.35,0.50,242.87,6717.56,2027.37,4372.47
Fixation B,1,57,133881713,133948242,66529,573.64,698.43,1,4,-1,136.50,125.50
Saccade B,1,61,133948242,134014953,66711,567.75,693.80,558.29,682.40,1.01,20.57,0.50,15.18,403.00,368.21,385.61
Fixation B,1,58,134014953,134114593,99640,542.71,676.69,13,1,-1,133.67,129.00
Saccade B,1,62,134114593,134214477,99884,536.99,679.22,647.34,866.22,10.63,246.98,0.50,106.41,7292.72,403.49,4580.84
Fixation B,1,59,134214477,134414093,199616,669.78,843.52,37,22,-1,129.83,131.33
Saccade B,1,63,134414093,134513977,99884,699.83,867.11,673.15,773.11,6.87,76.26,0.50,68.80,4087.94,1559.14,2556.32
Fixation B,1,60,134513977,134713592,199615,699.26,800.27,26,21,-1,133.67,131.17
Saccade B,1,64,134713592,134813323,99731,707.82,790.20,712.27,808.76,3.05,47.11,0.50,30.56,2569.72,148.62,1351.95
Fixation B,1,61,134813323,134946472,133149,706.75,818.62,2,6,-1,130.00,130.75
Saccade B,1,65,134946472,135013092,66620,704.40,809.84,704.35,749.64,3.13,83.19,0.50,46.92,2187.40,368.65,1278.03
Fixation B,1,62,135013092,135112823,99731,700.99,785.11,4,10,-1,132.33,130.33
Saccade B,1,66,135112823,135212707,99884,702.44,788.25,707.75,782.07,2.45,35.96,0.50,24.52,2010.17,120.08,1123.75
Fixation B,1,63,135212707,135445587,232880,708.54,795.94,24,94,-1,130.71,127.29
Saccade B,1,67,135445587,135512207,66620,696.58,796.12,669.86,744.90,4.26,79.54,0.50,64.00,2202.92,1164.76,1683.84
Fixation B,1,64,135512207,135611968,99761,643.28,734.07,40,55,-1,129.33,123.67
Saccade B,1,68,135611968,135678588,66620,629.32,674.32,622.77,750.88,6.96,106.08,0.50,104.45,6254.25,5161.52,5707.88
Fixation B,1,65,135678588,135745086,66498,625.62,713.18,12,52,-1,141.50,119.50
Saccade B,1,69,135745086,135811737,66651,616.70,730.52,580.00,625.44,5.57,154.09,0.50,83.54,4238.93,2613.39,3426.16
Fixation B,1,66,135811737,135944732,132995,581.81,608.99,5,6,-1,144.75,127.50
Saccade B,1,70,135944732,136011322,66590,580.61,619.00,556.96,554.65,3.42,94.73,0.50,51.34,3067.30,95.35,1581.32
Fixation B,1,67,136011322,136144470,133148,535.03,572.99,32,72,-1,139.50,125.25
Saccade B,1,71,136144470,136211059,66589,555.64,626.45,421.69,550.85,7.94,213.52,0.50,119.20,6884.33,668.26,3776.29
Fixation B,1,68,136211059,136377319,166260,477.18,636.15,114,101,-1,134.20,126.60
Saccade B,1,72,136377319,136443969,66650,460.13,609.56,530.37,649.42,6.67,111.91,0.50,100.03,5695.19,2579.58,4137.38
Fixation B,1,69,136443969,136510467,66498,569.49,660.07,53,3,-1,136.50,126.00
Saccade B,1,73,136510467,136576934,66467,650.17,664.42,468.30,670.46,10.88,252.38,0.50,163.63,9829.21,383.82,5106.52
Blink B,1,15,136576934,136909698,332764
Saccade B,1,74,136943176,137076080,132904,336.68,763.83,305.11,803.13,30.94,273.28,0.50,232.78,15558.80,1953.51,11183.04
Fixation B,1,70,137076080,137175964,99884,393.73,769.82,166,56,-1,127.67,107.00
Saccade B,1,75,137175964,137242462,66498,460.48,741.01,320.35,783.71,7.75,203.18,0.50,116.61,5968.88,3502.75,4735.81
Saccade B,1,76,137275970,137342346,66376,434.60,752.67,521.09,686.86,7.37,150.87,0.50,111.04,3564.03,2289.65,2926.84
Saccade B,1,77,137375579,137442230,66651,555.64,680.01,319.82,762.47,13.28,346.18,0.50,199.25,8834.14,4613.44,6723.79
Fixation B,1,71,137442230,137675231,233001,498.97,682.70,270,96,-1,130.71,125.14
Saccade B,1,78,137675231,137741577,66346,543.73,646.59,309.03,699.43,15.13,334.90,0.50,228.09,6508.06,5345.12,5926.59
Fixation B,1,72,137741577,138007843,266266,486.56,672.46,325,30,-1,130.63,124.13
Saccade B,1,79,138007843,138140991,133148,688.25,677.61,331.61,794.10,22.26,371.34,0.50,167.19,12350.00,679.78,5087.86
Fixation B,1,73,138140991,138373840,232849,504.15,753.79,229,35,-1,128.86,121.86
Saccade B,1,80,138373840,138440460,66620,642.32,744.49,695.96,810.59,5.38,117.42,0.50,80.78,2691.70,1317.95,2004.82
Blink B,1,16,138473754,139405487,931733
Fixation B,1,74,139438720,139871337,432617,690.34,631.69,37,31,-1,136.23,124.54
Saccade B,1,81,139871337,139937927,66590,677.57,637.19,684.05,630.21,0.80,13.21,0.50,11.95,680.34,371.42,525.88
Fixation B,1,75,139937927,140004333,66406,687.59,635.54,4,4,-1,133.50,127.50
Saccade B,1,82,140004333,140071075,66742,694.44,610.49,697.38,641.91,2.73,43.57,0.50,40.94,2430.42,1313.37,1871.90
Fixation B,1,76,140071075,140170684,99609,695.04,651.36,3,2,-1,137.67,121.67
Saccade B,1,83,140170684,140237335,66651,693.07,616.27,697.00,654.86,3.41,53.56,0.50,51.23,3064.88,1540.73,2302.80
Saccade B,1,84,140270721,140337219,66498,682.85,693.90,698.92,641.88,4.90,75.45,0.50,73.71,4430.61,2595.74,3513.17
Fixation B,1,77,140337219,140736480,399261,693.61,593.01,21,82,-1,137.75,125.08
Saccade B,1,85,140736480,140803100,66620,696.35,587.08,688.61,573.48,1.13,21.62,0.50,16.89,691.19,305.84,498.51
Saccade B,1,86,140836303,140902954,66651,677.08,571.07,929.60,623.53,12.05,357.05,0.50,180.83,10589.49,763.73,5676.61
Fixation B,1,78,140902954,141002593,99639,955.38,621.86,66,8,-1,131.67,131.00
Saccade B,1,87,141002593,141069213,66620,878.18,630.70,1007.03,633.67,7.99,177.93,0.50,119.98,7161.31,463.19,3812.25
Fixation B,1,79,141069213,141135711,66498,936.18,605.67,37,20,-1,131.50,129.50
Saccade B,1,88,141135711,141202331,66620,866.79,618.84,934.18,578.26,5.97,108.70,0.50,89.61,5222.32,935.19,3078.75
Fixation B,1,80,141202331,141268859,66528,925.47,565.66,41,4,-1,131.50,124.00
Saccade B,1,89,141268859,141501831,232972,858.24,578.90,1180.56,895.58,49.54,442.15,0.50,212.65,16168.82,351.75,9136.72
Fixation B,1,81,141501831,141568328,66497,1122.64,851.23,115,88,-1,124.00,128.00
Saccade B,1,90,141568328,141635040,66712,1002.63,822.19,988.94,707.57,8.30,159.94,0.50,124.40,5779.66,4879.35,5329.51
Fixation B,1,82,141635040,141701446,66406,918.58,684.67,42,13,-1,131.50,127.00
Saccade B,1,91,141701446,141768005,66559,859.05,687.41,988.03,620.36,8.44,200.14,0.50,126.74,7364.49,724.78,4044.64
Fixation B,1,83,141768005,141901092,133087,880.12,519.10,105,22,-1,133.00,116.50
Saccade B,1,92,141901092,141967590,66498,796.94,512.89,913.06,560.62,7.14,173.97,0.50,107.32,6271.90,587.61,3429.75
Fixation B,1,84,141967590,142067443,99853,840.61,537.47,85,24,-1,127.33,119.67
Saccade B,1,93,142067443,142300445,233002,751.39,511.20,1140.54,874.93,38.01,554.19,0.50,163.14,16995.78,86.71,8291.84
Fixation B,1,85,142300445,142400207,99762,1073.22,854.25,134,38,-1,128.33,130.33
Blink B,1,17,142400207,142899322,499115
Fixation B,1,86,142932647,143165557,232910,941.66,734.53,321,75,-1,127.14,124.00
Saccade B,1,94,143198944,143298736,99792,819.61,1112.63,788.19,713.70,28.17,551.70,0.50,282.29,24629.43,2064.53,14384.81
Fixation B,1,87,143298736,143697967,399231,699.60,657.75,87,166,-1,135.83,121.08
Saccade B,1,95,143697967,143764434,66467,686.07,590.98,696.15,596.44,0.93,15.85,0.50,14.04,555.07,172.31,363.69
Fixation B,1,88,143764434,143864318,99884,702.44,595.66,0,20,-1,133.00,120.33
Saccade B,1,96,143864318,143964233,99915,708.55,622.37,755.41,812.18,10.91,185.69,0.50,109.18,3085.82,992.65,2212.98
Blink B,1,18,143964233,144130584,166351
Fixation B,1,89,144130584,144230346,99762,813.08,888.27,17,73,-1,133.33,120.67
Saccade B,1,97,144230346,144296997,66651,826.08,962.46,826.55,1111.76,9.71,206.14,0.50,145.64,3651.84,3255.55,3453.70
Blink B,1,19,144330200,144430084,99884
Fixation B,1,90,144430084,144529846,99762,689.40,1005.80,60,175,-1,139.67,108.67
Blink B,1,20,144529846,144796112,266266
Fixation B,1,91,144796112,145095581,299469,526.08,482.80,54,359,-1,131.11,107.67
Saccade B,1,98,145095581,145162078,66497,477.00,317.28,500.27,493.06,9.38,245.71,0.50,141.08,6683.89,2566.26,4625.07
Fixation B,1,92,145162078,145228576,66498,520.80,580.12,5,42,-1,138.00,121.50
Saccade B,1,99,145228576,145295318,66742,521.78,524.47,576.10,662.06,8.40,203.47,0.50,125.89,7378.62,496.42,3937.52
Fixation B,1,93,145295318,145494964,199646,564.74,564.82,20,129,-1,139.67,121.50
Saccade B,1,100,145494964,145561309,66345,561.40,528.62,625.25,653.48,7.23,195.22,0.50,109.03,5218.25,1039.98,3129.11
Fixation B,1,94,145561309,145761077,199768,610.71,618.36,26,43,-1,144.50,124.17
Saccade B,1,101,145761077,145827575,66498,592.91,593.05,591.04,577.04,1.10,22.26,0.50,16.52,392.85,202.87,297.86
Fixation B,1,95,145827575,145927459,99884,590.81,557.61,3,18,-1,134.00,122.67
Saccade B,1,102,145927459,145993957,66498,583.46,545.84,585.85,529.41,1.09,23.00,0.50,16.38,631.74,101.27,366.50
Fixation B,1,96,145993957,146093872,99915,595.85,513.65,13,14,-1,144.00,119.67
Saccade B,1,103,146093872,146160308,66436,602.80,502.47,615.50,497.66,0.82,18.83,0.50,12.28,555.67,417.14,486.41
Fixation B,1,97,146160308,146227142,66834,624.83,501.15,5,4,-1,146.00,119.50
Saccade B,1,104,146227142,146293457,66315,620.23,506.79,608.79,511.14,0.93,17.04,0.50,14.05,514.58,184.84,349.71
Fixation B,1,98,146293457,146393341,99884,607.64,514.30,1,3,-1,146.33,121.33
Saccade B,1,105,146393341,146559692,166351,600.58,509.74,609.34,269.36,9.54,97.05,0.50,57.32,3790.08,208.41,1824.11
Saccade B,1,106,146592956,146659454,66498,616.51,297.73,584.06,217.31,5.34,120.16,0.50,80.35,4822.72,1747.86,3285.29
Fixation B,1,99,146659454,146726074,66620,574.13,189.27,9,35,-1,137.50,82.00
Saccade B,1,107,146726074,146825836,99762,581.53,252.12,434.24,120.46,11.52,166.18,0.50,115.43,6174.25,489.39,3131.07
Fixation B,1,100,146825836,147424835,598999,465.89,277.74,204,338,-1,136.33,97.83
Saccade B,1,108,147424835,147491302,66467,575.81,467.25,593.74,597.86,8.79,182.85,0.50,132.29,3062.16,923.02,1992.59
Fixation B,1,101,147491302,147591217,99915,601.36,597.04,12,66,-1,147.00,127.67
Saccade B,1,109,147591217,147657714,66497,641.13,691.75,550.60,659.80,7.82,133.03,0.50,117.57,6680.68,2285.97,4483.33
Fixation B,1,102,147657714,147791046,133332,556.40,673.81,123,13,-1,143.25,129.75
Saccade B,1,110,147791046,147923980,132934,655.87,725.99,643.85,652.36,15.86,251.83,0.50,119.31,9687.98,691.41,4650.77
Fixation B,1,103,147923980,147990447,66467,662.43,656.26,37,7,-1,137.50,123.50
Blink B,1,21,148023834,148523132,499298
Fixation B,1,104,148523132,148589477,66345,277.13,789.62,84,22,-1,123.50,133.00
Saccade B,1,111,148589477,148722625,133148,317.82,798.36,337.46,847.31,17.86,310.96,0.50,134.15,11571.88,1836.84,5666.33
Saccade B,1,112,148789154,148855804,66650,395.70,915.17,160.94,823.02,15.34,350.45,0.50,230.21,11739.80,5061.18,8400.49
Fixation B,1,105,148855804,149055419,199615,289.79,850.13,211,83,-1,128.00,129.33
Saccade B,1,113,149055419,149121917,66498,451.35,864.44,379.34,803.46,7.39,131.23,0.50,111.10,5727.42,1875.23,3801.32
Saccade B,1,114,149188446,149321594,133148,525.23,933.22,481.25,1048.21,30.44,350.19,0.50,228.64,14753.45,2993.89,9841.87
Blink B,1,22,149321594,149421417,99823
Fixation B,1,106,149421417,149521209,99792,629.26,839.45,67,196,-1,129.33,117.00
Saccade B,1,115,149554443,149620941,66498,687.22,721.75,646.96,996.51,14.05,384.80,0.50,211.33,12509.43,523.48,6516.46
Blink B,1,23,149687561,149820709,133148
Blink B,1,24,149854003,150219940,365937
Fixation B,1,107,150253204,150486267,233063,735.27,657.18,18,99,-1,131.14,119.86
Saccade B,1,116,150486267,150585937,99670,717.96,590.59,714.83,560.65,2.34,32.09,0.50,23.50,692.92,197.40,417.92
Fixation B,1,108,150585937,150685821,99884,719.29,535.28,5,20,-1,135.33,119.00
Saccade B,1,117,150685821,150752349,66528,724.14,505.95,725.42,484.15,1.89,30.23,0.50,28.42,383.56,112.18,247.87
Fixation B,1,109,150752349,150885437,133088,718.99,450.94,8,39,-1,139.75,112.50
Saccade B,1,118,150885437,150985321,99884,718.74,427.69,708.27,409.85,1.55,33.15,0.50,15.54,1126.76,68.51,666.36
Fixation B,1,110,150985321,151151733,166412,712.74,430.27,11,13,-1,139.80,110.40
Saccade B,1,119,151151733,151218200,66467,701.40,431.16,700.60,424.60,0.51,9.17,0.50,7.70,194.80,187.03,190.91
Fixation B,1,111,151218200,151318084,99884,694.42,430.96,8,11,-1,139.67,109.33
Saccade B,1,120,151318084,151384552,66468,677.58,449.92,881.92,467.85,10.32,283.97,0.50,155.25,9025.31,601.27,4813.29
Fixation B,1,112,151384552,151517730,133178,990.45,529.20,110,109,-1,118.50,115.00
Saccade B,1,121,151517730,151584197,66467,1058.26,634.09,1186.16,711.66,12.94,206.53,0.50,194.70,7128.75,1337.35,4233.05
Saccade B,1,122,151617553,151684082,66529,1209.19,857.74,1098.67,888.52,8.88,158.10,0.50,133.43,6580.13,2063.28,4321.71
Fixation B,1,113,151684082,151750579,66497,998.29,955.54,11,88,-1,137.00,92.50
Saccade B,1,123,151750579,151817199,66620,1117.09,945.62,1316.04,1005.66,15.82,286.38,0.50,237.51,8257.64,5613.84,6935.74
Fixation B,1,114,151817199,151916961,99762,1214.08,822.13,97,135,-1,121.00,118.67
Saccade B,1,124,151916961,151983581,66620,1043.04,728.25,934.10,685.61,10.66,161.52,0.50,160.00,2160.67,699.85,1430.26
Blink B,1,25,152016845,152382934,366089
Fixation B,1,115,152382934,152715545,332611,853.62,788.85,277,181,-1,128.10,118.10
Blink B,1,26,152715545,153214691,499146
Fixation B,1,116,153248107,153480957,232850,746.19,594.64,191,36,-1,130.00,117.43
Saccade B,1,125,153480957,153547576,66619,638.78,620.26,603.54,643.59,3.21,58.57,0.50,48.19,692.81,337.23,515.02
Saccade B,1,126,153580810,153647338,66528,556.52,684.56,460.47,674.16,5.69,133.87,0.50,85.60,3306.17,380.80,1843.49
Fixation B,1,117,153647338,153813812,166474,448.11,723.93,56,56,-1,133.20,125.60
Blink B,1,27,153813812,154013336,199524
Fixation B,1,118,154046752,154179687,132935,698.62,681.85,36,37,-1,131.00,121.75
Saccade B,1,127,154179687,154246398,66711,687.65,872.06,719.07,1147.46,21.54,382.69,0.50,322.89,8268.03,4366.09,6317.06
Blink B,1,28,154279602,154778747,499145
Fixation B,1,119,154778747,154845184,66437,678.90,776.16,1,19,-1,130.00,124.50
Saccade B,1,128,154845184,154911804,66620,672.76,772.62,677.13,715.14,3.34,79.59,0.50,50.09,1882.26,1403.06,1642.66
Fixation B,1,120,154911804,154978332,66528,667.04,750.41,7,6,-1,128.00,122.50
Saccade B,1,129,154978332,155044982,66650,659.77,756.84,667.64,707.51,2.79,69.28,0.50,41.84,2511.07,699.01,1605.04
Fixation B,1,121,155044982,155277832,232850,673.60,672.44,32,58,-1,134.86,122.57
Saccade B,1,130,155277832,155344451,66619,693.05,659.47,702.48,644.71,1.14,24.16,0.50,17.17,999.19,422.24,710.71
Fixation B,1,122,155344451,155444213,99762,717.57,632.76,7,16,-1,132.33,120.00
Saccade B,1,131,155444213,155510955,66742,691.17,588.17,578.92,518.40,8.29,183.48,0.50,124.25,3707.75,1783.00,2745.37
Fixation B,1,123,155510955,155643859,132904,600.29,489.78,21,26,-1,143.00,117.75
Saccade B,1,132,155643859,155710449,66590,612.59,567.76,603.92,447.46,9.74,166.82,0.50,146.31,8778.24,3996.72,6387.48
Fixation B,1,124,155710449,155843566,133117,610.76,410.64,16,34,-1,147.00,113.00
Saccade B,1,133,155843566,155943420,99854,620.38,401.82,639.86,480.91,6.46,148.88,0.50,64.66,5546.61,321.47,3377.82
Fixation B,1,125,155943420,156076477,133057,639.13,404.18,11,81,-1,146.50,112.75
Saccade B,1,134,156076477,156143066,66589,662.76,378.31,701.59,455.52,5.05,119.88,0.50,75.83,2781.80,1668.77,2225.29
Fixation B,1,126,156143066,156242950,99884,691.21,443.31,16,3,-1,145.33,117.00
Saccade B,1,135,156242950,156309326,66376,687.40,450.27,679.56,457.89,0.87,15.19,0.50,13.08,555.18,513.18,534.18
Fixation B,1,127,156309326,156409179,99853,686.94,453.22,5,5,-1,147.00,121.33
Saccade B,1,136,156409179,156509063,99884,680.02,436.20,689.13,409.04,2.07,27.95,0.50,20.69,615.39,160.63,372.63
Saccade B,1,137,156542297,156608825,66528,727.75,350.03,734.78,272.35,6.60,108.08,0.50,99.16,2491.22,1638.26,2064.74
Fixation B,1,128,156608825,156808593,199768,790.02,114.66,57,210,-1,145.17,85.17
Blink B,1,29,156808593,157107971,299378
Fixation B,1,129,157107971,157207824,99853,715.17,250.02,10,221,-1,150.33,101.67
Saccade B,1,138,157207824,157407440,199616,699.40,438.42,681.00,774.69,19.84,165.12,0.50,99.37,5940.85,835.84,2593.50
Fixation B,1,130,157407440,157474060,66620,683.82,779.91,5,10,-1,150.00,127.00
Blink B,1,30,157474060,157906555,432495
Fixation B,1,131,157906555,157973175,66620,666.45,714.64,230,15,-1,127.50,132.50
Saccade B,1,139,157973175,158106201,133026,347.54,727.87,472.27,703.62,27.77,291.32,0.50,208.79,13104.12,486.06,3840.52
Saccade B,1,140,158139587,158206054,66467,309.45,738.33,143.77,795.39,15.72,243.04,0.50,236.44,10678.22,951.58,5814.90
Blink B,1,31,158206054,158671936,465882
Fixation B,1,132,158705200,158971435,266235,265.53,976.95,340,82,-1,140.38,114.50
Saccade B,1,141,158971435,159037963,66528,461.43,975.49,485.20,831.56,10.53,202.14,0.50,158.35,5873.44,3605.96,4739.70
Blink B,1,32,159137847,159603668,465821
Saccade B,1,142,159670196,159736846,66650,831.21,928.59,890.27,1152.77,20.14,321.54,0.50,302.15,10179.72,6115.23,8147.47
Saccade B,1,143,159770172,159836578,66406,828.16,1013.41,887.37,834.20,9.88,262.26,0.50,148.84,6861.34,5327.86,6094.60
Saccade B,1,144,159869812,159936523,66711,819.84,893.49,897.56,1167.37,18.34,392.34,0.50,274.89,7757.76,7205.77,7481.76
Blink B,1,33,159969696,160701690,731994
Blink B,1,34,160735198,160901458,166260
Saccade B,1,145,160934692,161001190,66498,754.74,1220.89,739.72,1049.77,10.43,238.03,0.50,156.79,9412.03,3673.94,6542.98
Fixation B,1,133,161001190,161067810,66620,715.57,1021.98,2,12,-1,129.50,111.50
Blink B,1,35,161134338,161333953,199615
Fixation B,1,134,161333953,161533691,199738,690.57,912.06,64,54,-1,143.83,108.67
Blink B,1,36,161533691,162232452,698761
Fixation B,1,135,162232452,162332214,99762,717.74,486.48,5,9,-1,139.67,111.67
Blink B,1,37,162365570,162698303,332733
Fixation B,1,136,162731597,162897949,166352,736.75,639.44,14,15,-1,134.40,120.60
Saccade B,1,146,162897949,162964447,66498,748.49,635.89,744.48,613.39,1.35,31.63,0.50,20.36,820.08,232.40,526.24
Fixation B,1,137,162964447,163031158,66711,743.20,598.41,0,12,-1,134.50,118.00
Blink B,1,38,163064300,163330596,266296
Fixation B,1,138,163330596,163463562,132966,384.05,763.90,88,13,-1,133.25,118.50
Saccade B,1,147,163463562,163530212,66650,381.60,729.96,257.32,641.97,9.29,210.23,0.50,139.34,4696.21,4266.61,4481.41
Fixation B,1,139,163530212,163629943,99731,366.71,627.74,108,12,-1,123.67,122.33
Saccade B,1,148,163629943,163696563,66620,465.67,638.09,650.57,524.07,12.18,300.19,0.50,182.80,7469.78,374.47,3922.13
Fixation B,1,140,163696563,163763153,66590,721.88,532.78,10,23,-1,137.00,116.00
Blink B,1,39,163763153,164328887,565734
Fixation B,1,141,164328887,164395446,66559,1170.78,557.48,155,13,-1,111.00,112.50
Saccade B,1,149,164395446,164461944,66498,999.76,540.06,902.56,534.97,8.81,135.36,0.50,132.51,2615.31,292.92,1454.12
Saccade B,1,150,164495269,164595123,99854,760.61,542.79,907.37,633.89,12.52,252.70,0.50,125.39,10300.88,30.20,6119.73
Fixation B,1,142,164595123,164927673,332550,754.72,618.35,186,25,-1,125.20,111.10
Saccade B,1,151,164927673,164994293,66620,662.76,599.59,697.28,582.34,2.23,53.14,0.50,33.46,1928.59,467.02,1197.81
Fixation B,1,143,164994293,165094055,99762,688.50,577.72,2,4,-1,127.67,104.67
Saccade B,1,152,165094055,165160766,66711,689.07,581.98,516.56,554.48,8.20,241.18,0.50,122.99,7238.10,116.84,3677.47
Fixation B,1,144,165160766,165360321,199555,470.95,553.03,65,16,-1,117.33,105.00
Saccade B,1,153,165360321,165460174,99853,491.06,537.81,511.78,532.67,2.13,31.80,0.50,21.35,1546.56,1066.20,1339.63
Fixation B,1,145,165460174,165793060,332886,537.87,536.65,10,32,-1,121.50,102.20
Saccade B,1,154,165793060,165892730,99670,535.52,562.66,537.38,572.58,1.13,14.67,0.50,11.39,553.68,77.78,303.39
Fixation B,1,146,165892730,166125701,232971,547.01,583.69,17,11,-1,125.57,107.29
Saccade B,1,155,166125701,166192169,66468,562.28,589.24,568.06,594.96,0.74,11.23,0.50,11.10,316.98,294.21,305.59
Fixation B,1,147,166192169,166391784,199615,560.51,578.66,20,36,-1,128.17,107.50
Saccade B,1,156,166391784,166458435,66651,563.41,568.84,565.15,576.40,0.65,10.67,0.50,9.78,485.97,95.34,290.65
Fixation B,1,148,166458435,166525024,66589,572.46,572.42,1,1,-1,129.50,107.50
Blink B,1,40,166525024,167323577,798553
Fixation B,1,149,167323577,167489959,166382,581.81,535.39,8,25,-1,133.00,110.60
Saccade B,1,157,167489959,167556549,66590,584.10,554.06,553.10,557.71,1.75,43.14,0.50,26.35,1323.22,140.37,731.79
Fixation B,1,150,167556549,167756195,199646,547.38,558.44,6,5,-1,133.17,114.67
Saccade B,1,158,167789520,167889343,99823,545.88,555.22,643.89,1067.92,24.61,622.44,0.50,246.52,15684.17,596.66,6563.16
Fixation B,1,151,168821014,169087280,266266,587.65,446.45,66,271,-1,127.63,98.63
Saccade B,1,159,169087280,169187133,99853,611.48,573.00,555.41,583.78,3.57,79.95,0.50,35.75,2459.66,340.55,1723.11
Fixation B,1,152,169187133,169386718,199585,566.88,611.73,13,13,-1,127.00,112.00
Saccade B,1,160,169386718,169486511,99793,575.49,616.29,580.46,612.79,0.88,11.93,0.50,8.79,560.26,402.73,497.29
Fixation B,1,153,169486511,169652801,166290,580.83,604.42,4,18,-1,122.00,105.80
Saccade B,1,161,169652801,169719451,66650,591.22,604.15,595.44,528.15,4.27,105.09,0.50,64.00,2615.39,1099.71,1857.55
Fixation B,1,154,169719451,169819274,99823,598.70,541.53,3,15,-1,119.67,99.67
Saccade B,1,162,169819274,169885803,66529,594.28,557.82,586.16,581.46,1.60,34.60,0.50,23.98,639.21,167.32,403.27
Fixation B,1,155,169885803,170052154,166351,577.36,640.19,20,92,-1,119.17,104.83
