Blink B,1,1,646076019,646209197,133178
Fixation B,1,1,646209197,646275726,66529,378.39,685.55,5,2,-1,125.50,120.00
Blink B,1,2,646309020,646841491,532471
Saccade B,1,1,646874755,647007904,133149,244.12,790.86,254.78,784.77,6.50,73.53,0.50,48.79,3337.03,205.88,1951.66
Fixation B,1,2,647007904,647107635,99731,257.93,779.66,18,14,-1,123.67,130.33
Blink B,1,3,647107635,647473632,365997
Saccade B,1,2,647540405,647606750,66345,46.77,636.32,209.36,463.84,19.54,329.99,0.50,294.57,17792.24,7968.47,12880.35
Fixation B,1,3,647606750,647839752,233002,146.10,537.27,25,57,-1,106.71,103.14
Saccade B,1,3,647839752,647939544,99792,123.97,581.80,217.48,478.77,25.68,468.78,0.50,257.29,22401.09,43.77,9994.79
Fixation B,1,4,647939544,648039398,99854,219.48,481.51,10,6,-1,105.00,103.00
Saccade B,1,4,648039398,648105865,66467,234.12,491.22,190.01,562.45,4.54,116.09,0.50,68.25,3393.86,634.70,2014.28
Fixation B,1,5,648105865,648172668,66803,190.85,563.73,8,6,-1,113.00,106.00
Saccade B,1,5,648172668,648239013,66345,208.97,542.97,195.98,565.46,2.23,36.19,0.50,33.61,2026.09,520.28,1273.18
Blink B,1,4,648272460,648571746,299286
Fixation B,1,6,648571746,648638458,66712,544.62,511.34,0,0,-1,122.00,103.50
Saccade B,1,6,648638458,648704895,66437,432.80,507.51,198.41,561.93,16.20,334.37,0.50,243.87,5735.77,4541.20,5138.48
Fixation B,1,7,648704895,648804779,99884,195.48,556.19,5,12,-1,109.00,106.67
Saccade B,1,7,648804779,648937774,132995,201.85,541.48,95.32,651.55,6.79,28.08,0.50,51.09,5254.97,425.50,2398.52
Fixation B,1,8,648937774,649004486,66712,116.54,628.91,42,45,-1,112.00,109.50
Blink B,1,5,649004486,649370391,365905
Fixation B,1,9,649370391,649536773,166382,224.51,587.00,33,37,-1,112.40,110.20
Saccade B,1,8,649536773,649603393,66620,224.59,588.04,207.19,613.88,1.68,43.21,0.50,25.26,1087.59,446.96,767.28
Fixation B,1,10,649603393,649836364,232971,223.92,586.08,10,16,-1,115.43,112.57
Saccade B,1,9,649836364,650035919,199555,201.64,623.33,199.04,484.77,19.75,173.75,0.50,98.98,8505.58,1093.90,5088.21
Fixation B,1,11,650035919,650235504,199585,199.63,482.40,3,4,-1,109.50,105.17
Saccade B,1,10,650235504,650335388,99884,204.98,478.10,712.67,517.35,23.71,368.58,0.50,237.38,9777.73,279.89,3721.69
Fixation B,1,12,650335388,650435333,99945,710.52,508.79,6,7,-1,119.67,105.33
Saccade B,1,11,650435333,650501770,66437,707.15,510.27,768.22,624.00,6.21,178.87,0.50,93.43,5183.54,469.21,2826.38
Fixation B,1,13,650501770,650701385,199615,717.50,614.01,84,7,-1,128.00,117.17
Saccade B,1,12,650701385,650768035,66650,646.04,623.74,616.54,614.18,2.81,42.97,0.50,42.12,807.70,533.46,670.58
Blink B,1,6,650768035,651134033,365998
Saccade B,1,13,651167266,651300598,133332,1094.63,791.18,1154.81,931.03,24.39,428.38,0.50,182.90,15578.71,424.67,7473.20
Fixation B,1,14,651300598,651366973,66375,1136.72,917.96,36,26,-1,121.50,129.00
Saccade B,1,14,651366973,651433532,66559,1094.83,891.25,1055.88,844.97,4.04,83.44,0.50,60.75,1480.25,739.10,1109.68
Fixation B,1,15,651433532,651566650,133118,975.35,759.28,74,92,-1,116.50,119.50
Saccade B,1,15,651566650,651633148,66498,953.75,724.47,1061.44,782.86,6.05,169.90,0.50,90.91,4753.92,575.50,2664.71
Blink B,1,7,651666381,652032531,366150
Saccade B,1,16,652099029,652165496,66467,177.63,669.04,348.09,540.10,14.95,294.81,0.50,224.94,12070.89,4082.90,8076.89
Saccade B,1,17,652198760,652265502,66742,474.33,538.30,288.94,539.79,11.02,255.96,0.50,165.16,9892.67,818.37,5355.52
Saccade B,1,18,652298675,652365142,66467,332.14,605.08,415.23,509.47,8.74,175.85,0.50,131.52,7098.77,2373.86,4736.31
Fixation B,1,16,652365142,652464996,99854,489.74,514.10,68,5,-1,126.33,113.00
Saccade B,1,19,652464996,652531677,66681,494.63,518.79,355.40,539.85,7.91,195.13,0.50,118.56,4605.67,2794.32,3700.00
Fixation B,1,17,652531677,652764648,232971,453.93,533.42,124,2,-1,123.14,113.29
Blink B,1,8,652764648,653163757,399109
Fixation B,1,18,653163757,653230407,66650,735.52,653.03,231,32,-1,125.00,117.00
Saccade B,1,20,653263732,653330139,66407,579.01,719.50,612.70,544.74,11.67,247.52,0.50,175.75,10540.47,3466.03,7003.25
Fixation B,1,19,653330139,653429992,99853,645.48,544.79,37,1,-1,132.67,114.67
Saccade B,1,21,653429992,653496582,66590,682.58,548.44,705.91,547.67,1.92,32.35,0.50,28.80,271.43,118.59,195.01
Saccade B,1,22,653529876,653596527,66651,545.23,752.28,346.71,549.42,25.06,393.31,0.50,375.92,16617.56,10747.13,13682.35
Fixation B,1,20,653596527,653696411,99884,407.39,552.05,63,10,-1,123.00,113.33
Saccade B,1,23,653696411,653762878,66467,479.53,553.00,520.70,570.21,3.91,62.12,0.50,58.77,963.70,677.32,820.51
Saccade B,1,24,653796020,653862640,66620,455.35,537.41,341.51,503.96,10.88,164.41,0.50,163.25,6703.56,715.83,3709.70
Saccade B,1,25,653929168,654029022,99854,426.79,639.33,328.51,462.82,17.02,284.34,0.50,170.43,14074.40,7095.38,9976.88
Fixation B,1,21,654029022,654328491,299469,483.19,475.40,157,23,-1,124.56,108.78
Saccade B,1,26,654328491,654461395,132904,634.39,509.44,764.96,560.20,23.21,213.70,0.50,174.64,15481.11,2208.21,7241.09
Fixation B,1,22,654461395,654561309,99914,759.29,540.73,12,29,-1,121.33,111.00
Saccade B,1,27,654561309,654661132,99823,740.35,528.03,1271.57,565.89,25.25,610.59,0.50,252.97,14538.55,252.56,6416.80
Saccade B,1,28,654694396,654760864,66468,1280.55,493.13,1597.69,704.38,18.04,528.02,0.50,271.48,16208.95,3395.07,9802.01
Fixation B,1,23,654760864,654827514,66650,1472.97,670.29,11,15,-1,106.50,110.50
Saccade B,1,29,654827514,654927276,99762,1411.42,684.21,1320.57,854.02,19.02,331.48,0.50,190.62,13500.10,1891.32,6310.59
Saccade B,1,30,654960510,655093627,133117,1203.49,791.54,424.50,1253.48,60.67,546.23,0.50,455.80,42050.21,5446.72,22576.40
Saccade B,1,31,655426361,655559509,133148,1720.81,-1838.80,0.00,0.00,2428.51,20320.89,0.50,18239.19,1734152.00,283209.38,933469.30
Saccade B,1,32,656424774,656524536,99762,854.50,1520.38,634.97,1196.55,89.01,1412.78,0.50,892.20,78998.77,42471.65,64685.24
Fixation B,1,24,656524536,656657623,133087,463.38,755.67,137,409,-1,126.00,107.75
Saccade B,1,33,656657623,656724121,66498,508.40,617.30,319.29,657.28,9.51,267.85,0.50,143.05,7503.91,1536.52,4520.21
Fixation B,1,25,656724121,656824005,99884,338.68,668.86,15,49,-1,127.67,126.67
Saccade B,1,34,656824005,656890594,66589,368.97,674.40,402.01,712.40,3.62,69.85,0.50,54.40,2421.90,1791.85,2106.88
Fixation B,1,26,656890594,656957153,66559,456.87,719.85,21,16,-1,133.00,124.50
Blink B,1,9,656957153,657056915,99762
Fixation B,1,27,657090332,657356506,266174,405.60,682.30,95,53,-1,134.25,131.88
Saccade B,1,35,657356506,657456298,99792,461.42,717.80,333.18,694.57,6.57,167.94,0.50,65.82,5533.22,150.75,3444.97
Fixation B,1,28,657456298,657589416,133118,366.04,693.63,31,8,-1,131.25,129.00
Saccade B,1,36,657589416,657655914,66498,389.92,702.79,446.12,640.97,4.29,115.87,0.50,64.49,3503.60,384.74,1944.17
Fixation B,1,29,657655914,657722503,66589,472.35,581.07,1,15,-1,128.00,116.50
Blink B,1,10,657722503,658021911,299408
Saccade B,1,37,658055145,658121765,66620,589.66,511.91,568.66,705.40,9.08,268.71,0.50,136.32,7951.59,2488.94,5220.26
Fixation B,1,30,658121765,658454528,332763,596.31,521.27,6,8,-1,137.50,115.80
Saccade B,1,38,658454528,658521057,66529,600.02,528.89,659.83,619.88,5.37,151.03,0.50,80.77,4265.55,417.92,2341.74
Fixation B,1,31,658521057,658620910,99853,656.19,554.22,6,3,-1,134.33,113.33
Saccade B,1,39,658620910,658720672,99762,653.71,572.87,644.25,597.48,2.00,30.07,0.50,20.07,728.78,536.28,609.58
Saccade B,1,40,658787292,658853790,66498,673.13,589.09,1002.57,635.73,18.60,461.05,0.50,279.77,13051.40,5519.25,9285.32
Saccade B,1,41,658887145,658986907,99762,1316.72,690.95,1012.84,650.11,14.70,315.73,0.50,147.37,13756.82,6449.41,9813.98
Fixation B,1,32,658986907,659153259,166352,865.88,661.21,103,64,-1,121.20,115.80
Saccade B,1,42,659153259,659219909,66650,832.30,695.72,619.40,646.19,10.30,302.89,0.50,154.59,8921.32,2003.22,5462.27
Fixation B,1,33,659219909,659286407,66498,605.74,622.34,4,15,-1,133.00,115.50
Saccade B,1,43,659286407,659352905,66498,605.63,717.16,616.75,564.87,11.06,211.59,0.50,166.31,9996.95,3024.01,6510.48
Fixation B,1,34,659352905,659419525,66620,622.43,564.10,4,1,-1,134.50,118.00
Saccade B,1,44,659419525,659486022,66497,629.15,568.89,603.89,651.08,4.24,119.25,0.50,63.73,3486.03,111.65,1798.84
Fixation B,1,35,659486022,659552703,66681,584.48,674.48,0,30,-1,136.50,122.00
Blink B,1,11,659552703,660218231,665528
Fixation B,1,36,660251403,660550933,299530,502.01,747.90,64,36,-1,127.67,115.78
Blink B,1,12,660584167,660750518,166351
Fixation B,1,37,660750518,660817077,66559,608.23,896.36,37,37,-1,127.00,109.00
Blink B,1,13,660883666,661083282,199616
Saccade B,1,45,661149780,661216430,66650,1199.65,625.14,998.68,604.72,17.19,278.90,0.50,257.97,15355.72,5582.07,10468.89
Saccade B,1,46,661249664,661382873,133209,980.54,632.17,976.66,565.71,25.33,363.34,0.50,190.15,13626.10,606.36,6917.78
Saccade B,1,47,661416137,661482543,66406,1011.06,560.15,1200.65,540.00,10.41,265.16,0.50,156.73,6546.50,5282.69,5914.59
Fixation B,1,38,661482543,661549133,66590,1178.95,527.23,6,3,-1,113.50,108.00
Saccade B,1,48,661549133,661615692,66559,1181.88,529.46,1155.65,533.61,1.26,36.80,0.50,18.92,1080.34,335.26,707.80
Saccade B,1,49,661648895,661715698,66803,1198.08,533.06,742.81,568.59,22.45,630.47,0.50,336.01,20098.01,808.13,10453.07
Saccade B,1,50,661782073,661848663,66590,262.92,697.14,352.62,687.52,6.86,125.01,0.50,102.96,12708.78,1408.56,7058.67
Fixation B,1,39,661848663,661915191,66528,478.06,662.09,76,18,-1,126.50,125.00
Saccade B,1,51,661915191,661981781,66590,564.02,618.41,593.63,703.70,6.90,125.34,0.50,103.64,5069.82,1361.48,3215.65
Fixation B,1,40,661981781,662114807,133026,656.75,654.02,57,45,-1,135.75,119.75
Saccade B,1,52,662114807,662181427,66620,698.48,654.34,476.85,709.35,11.09,315.28,0.50,166.52,9969.07,255.81,5112.44
Fixation B,1,41,662181427,662480926,299499,454.66,718.43,92,79,-1,133.22,127.78
Saccade B,1,53,662480926,662547424,66498,510.21,706.78,523.30,656.67,3.47,71.83,0.50,52.20,2986.17,1487.40,2236.79
Fixation B,1,42,662547424,662613891,66467,527.63,685.66,0,69,-1,138.00,118.50
Saccade B,1,54,662613891,662680541,66650,602.65,683.58,724.49,614.70,10.30,193.06,0.50,154.53,5448.79,2319.40,3884.10
Blink B,1,14,662680541,662980041,299500
Fixation B,1,43,662980041,663179656,199615,635.90,531.95,97,39,-1,135.17,115.67
Saccade B,1,55,663179656,663246154,66498,602.26,561.71,516.40,562.15,5.10,119.08,0.50,76.69,2666.34,636.90,1651.62
Fixation B,1,44,663246154,663479156,233002,571.92,530.24,171,99,-1,129.14,112.29
Saccade B,1,56,663479156,663545654,66498,682.31,477.44,721.38,554.99,5.19,120.43,0.50,78.02,3425.64,504.63,1965.13
Fixation B,1,45,663545654,663811920,266266,763.72,477.18,47,6,-1,120.75,104.38
Saccade B,1,57,663811920,663878417,66497,814.82,547.97,1033.71,606.96,15.07,314.44,0.50,226.64,6407.31,4767.39,5587.35
Fixation B,1,46,663878417,663945037,66620,985.44,614.19,57,7,-1,107.00,107.00
Saccade B,1,58,663945037,664044769,99732,897.76,593.71,1089.78,644.40,17.40,356.99,0.50,174.43,13192.29,139.48,4573.66
Saccade B,1,59,664078033,664144653,66620,1096.03,635.45,1016.73,625.19,7.19,110.40,0.50,107.86,6528.49,308.82,3418.66
Blink B,1,15,664144653,664444183,299530
Fixation B,1,47,664477386,664643768,166382,1085.68,481.45,46,7,-1,110.60,98.20
Saccade B,1,60,664677032,664743530,66498,1000.05,441.12,654.88,583.76,22.30,518.00,0.50,335.37,12865.15,5601.38,9233.27
Fixation B,1,48,664743530,664909912,166382,480.07,665.17,197,50,-1,126.60,115.60
Saccade B,1,61,664943298,665043060,99762,630.75,639.98,1302.46,462.68,33.53,567.36,0.50,336.11,11124.14,817.44,5992.47
Fixation B,1,49,665043060,665209411,166351,1249.08,457.72,121,30,-1,108.60,102.20
Saccade B,1,62,665242767,665342529,99762,1172.38,435.44,550.88,658.86,31.49,489.35,0.50,315.63,13710.01,1180.31,7035.72
Fixation B,1,50,665342529,665442382,99853,539.70,709.95,33,23,-1,135.00,121.67
Blink B,1,16,665442382,665542144,99762
Saccade B,1,63,665575531,665642028,66497,657.72,749.23,666.01,647.71,6.99,141.15,0.50,105.16,5260.52,403.82,2832.17
Fixation B,1,51,665642028,665741912,99884,675.59,661.49,15,10,-1,130.00,116.33
Saccade B,1,64,665741912,665808380,66468,704.22,663.75,725.30,609.12,3.63,81.07,0.50,54.67,2108.08,713.61,1410.84
Saccade B,1,65,665841644,665908294,66650,748.33,619.25,794.82,875.11,14.10,360.03,0.50,211.63,12452.45,3971.15,8211.80
Fixation B,1,52,665908294,665974761,66467,768.75,645.70,9,13,-1,130.00,108.50
Saccade B,1,66,665974761,666074645,99884,686.17,610.14,555.20,573.40,11.72,184.54,0.50,117.35,5679.81,2074.40,3953.96
Fixation B,1,53,666074645,666207641,132996,563.27,532.15,20,36,-1,135.50,109.50
Saccade B,1,67,666207641,666274353,66712,599.36,514.30,629.58,592.33,4.92,115.52,0.50,73.73,3258.58,501.49,1880.04
Fixation B,1,54,666274353,666473907,199554,669.21,627.33,32,35,-1,136.00,108.67
Saccade B,1,68,666473907,666607025,133118,678.94,655.96,771.04,562.06,6.81,70.52,0.50,51.19,3887.15,441.75,2338.30
Fixation B,1,55,666607025,666706909,99884,760.22,565.48,17,8,-1,134.00,103.33
Saccade B,1,69,666706909,666806671,99762,755.35,578.67,1017.32,445.22,13.94,384.05,0.50,139.72,10844.96,161.63,3942.84
Saccade B,1,70,666839904,666906524,66620,1063.84,417.45,1166.90,489.37,6.80,173.51,0.50,102.10,5916.28,4017.97,4967.12
Saccade B,1,71,666939788,667006286,66498,1109.10,502.57,1037.21,457.30,7.79,117.73,0.50,117.08,5421.57,196.73,2809.15
Fixation B,1,56,667006286,667106170,99884,1006.72,457.03,9,16,-1,120.33,101.00
Saccade B,1,72,667106170,667239288,133118,991.67,463.71,555.82,599.21,18.73,30.51,0.50,140.67,11375.81,565.23,4191.27
Saccade B,1,73,667305786,667472259,166473,587.12,555.83,590.91,740.13,25.44,277.42,0.50,152.84,13288.11,4053.32,8253.72
Fixation B,1,57,667472259,667572235,99976,579.95,740.30,18,5,-1,131.67,113.33
Saccade B,1,74,667572235,667638641,66406,580.07,741.93,577.66,775.02,1.70,46.10,0.50,25.54,1454.03,272.09,863.06
Saccade B,1,75,667705230,667771820,66590,539.93,960.53,577.85,633.62,22.13,449.84,0.51,332.39,19711.27,4188.19,11949.73
Saccade B,1,76,667804992,667871643,66651,637.49,842.67,696.05,1201.21,25.95,502.94,0.50,389.28,7524.75,7061.22,7292.99
Fixation B,1,58,668803161,669002899,199738,611.80,390.89,47,126,-1,135.00,99.83
Saccade B,1,77,669002899,669069396,66497,602.22,456.30,522.26,413.83,5.80,125.46,0.50,87.28,2597.77,2381.10,2489.44
Fixation B,1,59,669069396,669202545,133149,547.87,455.69,33,58,-1,135.25,110.75
Saccade B,1,78,669202545,669269042,66497,566.77,501.87,562.16,467.03,2.30,48.74,0.50,34.54,2073.04,415.64,1244.34
Fixation B,1,60,669269042,669568542,299500,595.52,496.70,41,31,-1,137.56,113.22
Saccade B,1,79,669568542,669635162,66620,603.07,497.62,581.26,494.36,1.24,30.56,0.50,18.69,746.90,96.36,421.63
Fixation B,1,61,669635162,669701660,66498,579.64,489.35,2,3,-1,131.00,107.00
Saccade B,1,80,669701660,669768188,66528,580.21,486.19,578.65,475.45,0.62,15.03,0.50,9.27,406.45,203.33,304.89
Fixation B,1,62,669768188,670034393,266205,569.06,423.30,30,75,-1,122.50,95.25
Saccade B,1,81,670034393,670100921,66528,553.01,405.76,550.61,414.03,0.56,11.93,0.50,8.43,337.21,286.06,311.64
Saccade B,1,82,670134277,670200805,66528,552.19,425.38,612.11,563.26,7.23,208.33,0.50,108.69,6000.18,67.94,3034.06
Fixation B,1,63,670200805,670467041,266236,622.91,584.65,13,9,-1,123.00,106.50
Saccade B,1,83,670467041,670566802,99761,637.92,582.89,649.26,671.45,5.66,142.56,0.50,56.77,4848.42,89.92,3045.60
Fixation B,1,64,670566802,670833038,266236,652.75,621.63,5,26,-1,129.25,115.63
Saccade B,1,84,670833038,670932800,99762,646.28,580.83,626.50,523.32,4.32,82.30,0.50,43.32,2413.47,1191.07,1629.24
Fixation B,1,65,670932800,671099182,166382,605.90,427.92,22,50,-1,129.80,101.00
Saccade B,1,85,671099182,671165771,66589,601.50,432.52,590.36,439.19,1.01,17.94,0.50,15.12,354.60,226.32,290.46
Saccade B,1,86,671199035,671265655,66620,586.24,438.79,677.95,413.04,4.46,132.00,0.50,66.94,3912.15,283.01,2097.58
Fixation B,1,66,671265655,671465301,199646,681.60,397.01,4,20,-1,133.33,101.67
Blink B,1,17,671531799,671831298,299499
Fixation B,1,67,671831298,671964416,133118,574.26,412.21,11,6,-1,133.50,102.25
Saccade B,1,87,671964416,672064147,99731,578.84,415.37,575.13,421.36,0.48,11.41,0.50,4.83,398.24,266.99,336.10
Fixation B,1,68,672064147,672297149,233002,585.50,423.01,12,4,-1,135.14,105.14
Saccade B,1,88,672297149,672363647,66498,563.14,432.63,478.71,451.00,5.43,119.73,0.50,81.62,2292.26,1492.98,1892.62
Fixation B,1,69,672363647,672463531,99884,482.92,452.98,5,3,-1,122.00,104.67
Saccade B,1,89,672463531,672596649,133118,490.70,454.89,504.13,458.20,0.89,9.63,0.50,6.69,262.14,65.15,147.71
Fixation B,1,70,672596649,672796295,199646,517.47,451.71,10,10,-1,128.50,103.67
Saccade B,1,90,672796295,672862792,66497,519.79,445.61,505.05,431.70,1.38,28.09,0.50,20.75,755.70,479.85,617.77
Fixation B,1,71,672896148,674193786,1297638,488.16,435.94,32,34,-1,119.98,98.70
Saccade B,1,91,674193786,674260437,66651,492.88,418.73,498.72,414.50,0.35,9.97,0.50,5.29,311.45,31.58,171.52
Fixation B,1,72,674260437,674593170,332733,503.95,419.94,10,9,-1,121.50,97.70
Saccade B,1,92,674593170,674726287,133117,508.05,414.36,610.88,421.71,6.16,105.84,0.50,46.30,3486.45,395.23,1784.13
Fixation B,1,73,674726287,675059051,332764,587.31,397.62,38,11,-1,124.60,94.90
Saccade B,1,93,675059051,675125518,66467,563.94,397.84,554.99,401.67,0.70,13.50,0.50,10.53,243.19,87.16,165.17
Fixation B,1,74,675125518,675291900,166382,545.38,387.74,21,13,-1,126.40,97.00
Saccade B,1,94,675291900,675425048,133148,541.69,378.77,264.76,528.23,12.03,14.77,0.50,90.38,8437.58,437.45,2846.66
Saccade B,1,95,675491546,675558166,66620,282.83,521.81,33.58,592.02,12.23,357.52,0.50,183.53,10509.15,1253.17,5881.16
Saccade B,1,96,675624664,675691284,66620,-207.94,646.05,-517.12,708.86,16.24,437.59,0.50,243.75,11771.86,3113.48,7442.67
Saccade B,1,97,675724517,675857666,133149,-155.99,679.21,476.75,544.86,36.27,307.87,0.50,272.42,14041.20,1818.38,8575.97
Fixation B,1,75,675857666,675924163,66497,511.57,531.29,69,27,-1,125.50,115.00
Saccade B,1,98,675924163,675990814,66651,585.77,503.48,662.59,479.47,5.65,111.53,0.50,84.80,1610.39,1370.04,1490.21
Fixation B,1,76,675990814,676223693,232879,691.40,453.39,25,20,-1,138.00,112.29
Saccade B,1,99,676223693,676290161,66468,694.05,444.79,686.92,445.94,0.46,10.02,0.50,6.89,209.83,48.60,129.22
Blink B,1,18,676323547,676789276,465729
Fixation B,1,77,676822662,677155456,332794,639.59,498.69,55,50,-1,138.30,115.80
Saccade B,1,100,677155456,677221923,66467,621.98,496.88,626.13,491.11,0.43,9.86,0.50,6.53,239.35,183.81,211.58
Fixation B,1,78,677221923,677288421,66498,624.46,492.32,0,0,-1,138.00,113.50
Saccade B,1,101,677288421,677355041,66620,625.30,492.52,630.57,487.67,0.37,9.89,0.50,5.59,295.78,64.89,180.34
Fixation B,1,79,677355041,677454803,99762,632.66,481.36,5,9,-1,136.67,112.00
Blink B,1,19,677454803,677754302,299499
Fixation B,1,80,677787658,678153686,366028,686.43,372.29,274,34,-1,129.09,95.36
Saccade B,1,102,678153686,678220153,66467,615.05,393.00,599.24,421.59,2.12,45.31,0.50,31.93,807.84,518.17,663.01
Fixation B,1,81,678220153,678419799,199646,619.94,419.09,22,3,-1,134.00,102.50
Saccade B,1,103,678419799,678486419,66620,637.48,418.66,622.05,395.75,1.53,38.13,0.50,22.95,1320.62,108.47,714.55
Fixation B,1,82,678486419,678652801,166382,639.86,382.07,29,7,-1,133.20,99.00
Saccade B,1,104,678652801,678719299,66498,659.20,381.96,699.38,416.30,2.70,73.30,0.50,40.62,1982.83,148.48,1065.65
Fixation B,1,83,678719299,678852416,133117,727.64,447.53,4,1,-1,130.75,106.25
Saccade B,1,105,678852416,678952301,99885,726.96,451.23,727.89,456.84,0.68,9.93,0.50,6.76,366.07,256.94,324.84
Fixation B,1,84,678952301,679052062,99761,727.65,463.63,6,5,-1,136.67,110.33
Saccade B,1,106,679052062,679118652,66590,724.48,463.57,715.13,460.06,0.77,13.80,0.50,11.59,435.72,133.86,284.79
Fixation B,1,85,679118652,679185180,66528,712.91,460.25,5,0,-1,136.00,110.00
Saccade B,1,107,679185180,679251800,66620,714.23,463.49,726.02,467.69,0.81,17.35,0.50,12.10,407.43,326.81,367.12
Fixation B,1,86,679251800,679384796,132996,728.97,471.30,3,1,-1,132.75,109.75
Saccade B,1,108,679384796,679451416,66620,729.09,471.41,736.38,469.13,0.44,10.55,0.50,6.55,392.10,126.81,259.45
Fixation B,1,87,679451416,679551177,99761,739.81,464.50,5,7,-1,130.00,108.67
Saccade B,1,109,679551177,679617797,66620,743.21,459.30,750.55,458.09,0.41,10.28,0.50,6.23,259.69,135.23,197.46
Fixation B,1,88,679617797,679717559,99762,760.87,453.97,10,4,-1,135.00,106.33
Saccade B,1,110,679717559,679850677,133118,771.69,444.15,928.51,641.88,11.22,17.76,0.50,84.31,7559.50,136.05,2439.27
Fixation B,1,89,679850677,679950531,99854,938.55,641.07,18,4,-1,121.33,117.67
Saccade B,1,111,679950531,680050323,99792,900.12,595.62,984.39,876.53,16.66,243.15,0.50,166.91,7627.19,2671.07,4461.03
Saccade B,1,112,680083679,680216674,132995,818.89,920.39,817.79,851.44,17.41,248.92,0.50,130.88,10458.02,6513.02,8410.02
Blink B,1,20,680216674,680383026,166352
Saccade B,1,113,680482910,680549438,66528,748.86,840.41,532.05,557.24,28.29,493.74,0.50,425.24,13723.38,6266.30,9994.84
Fixation B,1,90,680549438,680616027,66589,184.26,398.24,148,36,-1,120.00,95.00
Blink B,1,21,680616027,680915557,299530
Fixation B,1,91,680915557,680982055,66498,535.92,375.59,88,13,-1,127.50,99.50
Saccade B,1,114,680982055,681048675,66620,565.15,370.09,407.41,385.95,8.03,219.88,0.50,120.56,5977.00,4392.32,5184.66
Saccade B,1,115,681081939,681148437,66498,434.65,412.46,253.43,402.54,10.88,251.72,0.50,163.62,5972.82,5055.60,5514.21
Fixation B,1,92,681148437,681215057,66620,339.14,384.08,3,13,-1,112.00,93.00
Saccade B,1,116,681215057,681281555,66498,147.26,528.28,-171.20,692.34,27.28,496.86,0.50,410.19,9228.24,5519.57,7373.90
Blink B,1,22,681314788,681414672,99884
Blink B,1,23,681447967,681847167,399200
Fixation B,1,93,681880554,681980316,99762,674.81,555.44,8,7,-1,124.33,111.67
Saccade B,1,117,681980316,682046936,66620,661.57,576.40,658.85,718.32,7.40,196.16,0.50,111.07,5198.97,458.94,2828.95
Fixation B,1,94,682046936,682113433,66497,669.97,601.63,10,34,-1,131.00,115.50
Saccade B,1,118,682113433,682213287,99854,676.40,580.97,533.33,398.44,10.88,178.04,0.50,108.96,5281.50,1214.39,2612.08
Fixation B,1,95,682213287,682346405,133118,537.69,347.39,119,16,-1,131.50,87.00
Saccade B,1,119,682346405,682412933,66528,609.96,346.94,654.87,339.69,2.85,63.04,0.50,42.90,1223.02,723.30,973.16
Fixation B,1,96,682412933,682479431,66498,707.29,340.29,35,2,-1,133.50,89.00
Saccade B,1,120,682479431,682546051,66620,734.31,338.47,690.00,386.77,3.44,90.58,0.50,51.63,3003.53,1112.70,2058.12
Fixation B,1,97,682546051,682645812,99761,702.21,377.10,11,13,-1,136.00,86.00
Saccade B,1,121,682645812,682712432,66620,724.50,378.32,596.14,415.36,7.02,184.62,0.50,105.36,6129.53,872.88,3501.20
Saccade B,1,122,682745666,682812164,66498,578.67,443.75,457.83,441.46,6.71,167.33,0.50,100.93,4948.07,911.62,2929.84
Saccade B,1,123,682878784,682945312,66528,541.81,406.09,907.30,653.59,25.21,611.66,0.50,378.96,17827.84,4336.27,11082.06
Saccade B,1,124,682978546,683111663,133117,960.27,776.05,669.78,697.86,13.82,157.56,0.50,103.81,8801.97,2427.57,3838.26
Blink B,1,24,683244812,683411193,166381
Fixation B,1,98,683411193,683511047,99854,735.37,712.38,27,10,-1,132.67,124.33
Blink B,1,25,683511047,683877044,365997
Fixation B,1,99,683877044,683943572,66528,178.01,278.73,17,9,-1,118.50,97.00
Saccade B,1,125,683943572,684076690,133118,164.12,393.41,277.52,302.71,17.96,171.34,0.50,134.92,9845.16,2630.23,6350.84
Blink B,1,26,684076690,684442687,365997
Fixation B,1,100,684476074,684808776,332702,462.83,463.44,145,30,-1,133.30,113.90
Blink B,1,27,684842041,685507537,665496
Saccade B,1,126,685540802,685640686,99884,1054.70,387.79,749.24,396.91,15.05,228.83,0.50,150.67,14994.52,1083.86,7711.83
Fixation B,1,101,685640686,685906799,266113,404.59,431.03,336,57,-1,127.63,107.13
Saccade B,1,127,685906799,685973449,66650,269.37,468.77,350.19,532.88,5.88,142.43,0.50,88.24,4888.13,755.35,2821.74
Saccade B,1,128,686006683,686073181,66498,361.88,482.95,227.17,492.68,7.54,187.33,0.50,113.39,6801.34,3052.34,4926.84
Fixation B,1,102,686073181,686139801,66620,188.41,488.73,111,29,-1,116.50,115.00
Blink B,1,28,686139801,686439300,299499
Fixation B,1,103,686472564,686772094,299530,597.38,413.74,391,118,-1,134.56,108.44
Saccade B,1,129,686772094,686838562,66468,712.71,561.54,698.69,942.46,27.32,529.18,0.50,411.03,9426.20,7119.06,8272.63
Blink B,1,29,686905212,687004913,99701
Blink B,1,30,687038177,687171325,133148
Fixation B,1,104,687204559,687437561,233002,703.44,644.05,16,72,-1,127.71,116.71
Saccade B,1,130,687437561,687504058,66497,683.51,611.99,675.87,602.00,1.06,17.43,0.50,15.87,197.02,120.55,158.78
Fixation B,1,105,687504058,687570709,66651,668.98,592.63,5,7,-1,127.50,118.50
Saccade B,1,131,687570709,687637176,66467,660.86,583.71,659.93,573.61,0.81,14.07,0.50,12.16,286.53,121.05,203.79
Fixation B,1,106,687637176,687737060,99884,654.20,572.57,7,6,-1,130.67,118.67
Saccade B,1,132,687737060,687870056,132996,626.09,571.31,524.15,302.10,14.14,49.83,0.50,106.34,5866.85,956.70,2582.54
Fixation B,1,107,687870056,687936706,66650,503.83,249.81,40,104,-1,128.00,86.00
Blink B,1,31,687936706,688568939,632233
Saccade B,1,133,688602172,688668670,66498,842.87,259.42,500.42,208.06,18.08,479.82,0.50,271.89,16057.58,110.96,8084.27
Fixation B,1,108,688668670,688735321,66651,477.12,244.20,98,32,-1,127.50,81.50
Saccade B,1,134,688735321,688801788,66467,411.15,247.07,237.72,238.13,13.35,240.86,0.50,200.88,9101.30,2434.20,5767.75
Saccade B,1,135,688868438,688934936,66498,278.95,263.73,91.26,279.90,12.05,261.04,0.50,181.24,10805.50,1622.26,6213.88
Saccade B,1,136,688968170,689034820,66650,-22.07,322.82,176.51,349.00,11.50,277.55,0.50,172.55,8563.56,6374.47,7469.01
Saccade B,1,137,689068054,689134552,66498,486.88,376.99,646.68,413.74,14.05,227.22,0.50,211.31,1273.21,1163.58,1218.40
Fixation B,1,109,689134552,689201202,66650,875.86,451.75,135,31,-1,128.50,107.50
Blink B,1,32,689267669,689899932,632263
Saccade B,1,138,689966430,690033050,66620,733.13,568.51,774.16,715.48,11.69,210.67,0.50,175.53,10308.46,3054.19,6681.33
Saccade B,1,139,690066314,690132843,66529,697.37,730.50,998.37,676.92,16.36,423.66,0.50,245.92,14732.83,1185.88,7959.35
Blink B,1,33,690199462,690299194,99732
Fixation B,1,110,690299194,690365814,66620,1021.02,854.40,115,2,-1,132.00,123.50
Saccade B,1,140,690399078,690465545,66467,832.10,840.96,1050.22,764.00,14.36,320.51,0.50,216.01,12611.78,1431.53,7021.65
Saccade B,1,141,690498931,690565429,66498,1063.83,712.40,1350.37,698.75,18.17,397.49,0.50,273.27,8041.76,7661.66,7851.71
Fixation B,1,111,690565429,690631927,66498,1420.08,634.81,63,33,-1,109.00,118.50
Saccade B,1,142,690631927,690765045,133118,1283.63,636.48,841.97,589.98,23.04,243.40,0.50,173.10,9906.50,1577.05,5569.89
Fixation B,1,112,690765045,690864929,99884,802.46,562.86,69,41,-1,138.33,123.00
Saccade B,1,143,690864929,690964691,99762,763.10,548.60,358.10,470.39,20.74,468.56,0.50,207.86,11750.71,500.50,5405.50
Saccade B,1,144,690998077,691064575,66498,444.48,488.94,270.91,359.25,13.71,300.23,0.50,206.23,12039.12,3120.33,7579.73
Fixation B,1,113,691064575,691131072,66497,346.09,475.15,103,12,-1,117.00,118.50
Saccade B,1,145,691131072,691197692,66620,500.06,494.46,390.84,445.26,10.28,165.53,0.50,154.25,9148.52,56.02,4602.27
Fixation B,1,114,691197692,691497222,299530,492.82,462.33,318,44,-1,139.67,117.89
Blink B,1,34,691530487,691963043,432556
Saccade B,1,146,691996307,692096069,99762,558.27,607.23,508.33,577.06,13.36,176.48,0.50,133.94,8581.76,3358.72,6763.97
Fixation B,1,115,692096069,692195922,99853,622.62,557.63,104,12,-1,136.00,118.33
Saccade B,1,147,692195922,692262451,66529,590.81,550.15,291.48,588.83,17.74,418.22,0.50,266.58,9168.74,5503.72,7336.23
Fixation B,1,116,692262451,692395599,133148,406.05,560.28,153,26,-1,125.50,118.75
Saccade B,1,148,692395599,692462219,66620,519.97,547.83,427.84,541.34,6.10,128.22,0.50,91.52,5505.83,285.73,2895.78
Fixation B,1,117,692462219,692661834,199615,434.24,531.13,192,18,-1,126.00,115.83
Saccade B,1,149,692661834,692728302,66468,551.80,558.26,592.87,795.04,12.76,333.30,0.50,191.99,8713.12,1050.03,4881.58
Saccade B,1,150,692761566,692828186,66620,650.40,818.31,648.41,1072.70,12.99,351.56,0.50,195.03,11395.11,2727.48,7061.29
Blink B,1,35,692861450,693892944,1031494
Blink B,1,36,693926300,694026062,99762
Blink B,1,37,694059295,694225708,166413
Blink B,1,38,694259094,694991088,731994
Fixation B,1,118,694991088,695090942,99854,589.74,566.06,6,0,-1,131.00,100.00
Blink B,1,39,695124206,695257293,133087
Fixation B,1,119,695257293,695357055,99762,604.39,548.50,0,0,-1,128.33,108.00
Saccade B,1,151,695390441,695456939,66498,607.68,541.91,610.27,532.82,0.53,13.12,0.50,7.91,475.47,453.70,464.59
Fixation B,1,120,695456939,695922851,465912,614.18,540.56,13,12,-1,129.87,108.93
Saccade B,1,152,695922851,696022552,99701,621.58,537.61,615.02,536.24,1.00,12.01,0.50,10.01,561.25,278.65,457.36
Fixation B,1,121,696022552,696255554,233002,615.57,541.76,4,5,-1,130.29,109.14
Saccade B,1,153,696255554,696322082,66528,605.51,535.11,564.82,514.65,2.75,63.11,0.50,41.38,1352.28,743.61,1047.95
Fixation B,1,122,696322082,696421936,99854,564.78,512.25,3,1,-1,125.33,105.00
Saccade B,1,154,696421936,696488464,66528,563.70,516.59,569.18,509.77,0.58,12.12,0.50,8.65,490.51,110.38,300.44
Fixation B,1,123,696488464,696588317,99853,570.74,513.93,0,6,-1,124.33,103.00
Saccade B,1,155,696621551,696754730,133179,542.69,691.82,644.37,722.43,18.70,231.90,0.50,140.43,11540.75,548.87,7217.09
Fixation B,1,124,696754730,696887817,133087,651.71,708.10,2,10,-1,124.75,112.50
Saccade B,1,156,696887817,696954315,66498,654.17,699.89,596.95,605.28,5.35,153.22,0.50,80.45,4452.14,308.77,2380.45
Fixation B,1,125,696954315,697020965,66650,580.76,571.19,3,0,-1,123.50,102.50
Saccade B,1,157,697020965,697153961,132996,582.13,572.97,596.04,546.58,5.89,36.09,0.50,44.26,5315.20,150.68,2078.60
Fixation B,1,126,697153961,697386932,232971,568.34,528.16,48,38,-1,127.86,106.43
Saccade B,1,158,697386932,697486694,99762,630.86,577.87,678.21,568.28,21.32,268.31,0.50,213.71,15853.64,3229.36,8310.78
Fixation B,1,127,697486694,697619812,133118,671.75,527.22,22,50,-1,128.75,107.75
Blink B,1,40,697619812,697919311,299499
Saccade B,1,159,697985961,698052429,66468,1234.36,673.34,1056.16,476.72,16.63,368.03,0.50,250.16,14975.86,6020.89,10498.37
Fixation B,1,128,698052429,698152313,99884,1111.25,556.07,59,24,-1,112.67,104.00
Saccade B,1,160,698152313,698218841,66528,1080.00,564.43,1000.12,477.97,6.33,163.11,0.50,95.12,5484.96,1671.52,3578.24
Fixation B,1,129,698252075,698485076,233001,886.67,378.97,75,103,-1,118.43,93.86
Blink B,1,41,698485076,698784454,299378
Fixation B,1,130,698817840,699017456,199616,484.15,651.56,77,37,-1,126.50,115.67
Saccade B,1,161,699017456,699083953,66497,474.64,603.58,243.41,538.78,13.91,333.06,0.50,209.13,7556.98,3226.08,5391.53
Saccade B,1,162,699117218,699250335,133117,366.89,499.53,-226.05,677.70,35.15,152.59,0.50,264.05,15772.96,1803.49,6742.85
Saccade B,1,163,699283691,699483306,199615,-156.40,700.85,261.78,602.73,23.99,135.54,0.50,120.17,14289.77,510.86,4970.74
Blink B,1,42,699483306,699816070,332764
Blink B,1,43,699849334,700148803,299469
Saccade B,1,164,700182067,700248596,66529,859.55,471.48,949.31,499.70,4.42,130.26,0.50,66.44,3931.57,1362.59,2647.08
Fixation B,1,131,700248596,700348449,99853,909.95,492.49,42,15,-1,111.67,105.00
Saccade B,1,165,700348449,700414947,66498,851.90,469.87,718.94,440.00,8.26,189.00,0.50,124.18,3938.12,1217.47,2577.79
Fixation B,1,132,700414947,700481597,66650,710.14,437.55,4,4,-1,123.50,101.00
Blink B,1,44,700481597,700781097,299500
Fixation B,1,133,700781097,701213562,432465,701.35,424.26,30,6,-1,124.50,99.79
Saccade B,1,166,701213562,701280212,66650,719.50,425.56,726.74,422.45,0.65,10.88,0.50,9.68,283.93,214.04,248.98
Fixation B,1,134,701280212,701379943,99731,734.97,431.79,11,10,-1,127.33,100.00
Saccade B,1,167,701379943,701446594,66651,745.11,437.86,753.83,431.29,0.72,15.07,0.50,10.85,317.90,315.98,316.94
Fixation B,1,135,701446594,701646209,199615,771.11,433.10,51,5,-1,119.83,99.33
Saccade B,1,168,701646209,701712799,66590,755.82,423.41,475.17,430.71,14.96,389.37,0.50,224.69,9949.07,2247.09,6098.08
Fixation B,1,136,701712799,701812561,99762,453.03,434.54,16,6,-1,119.33,98.33
Saccade B,1,169,701812561,701912445,99884,464.53,453.67,780.53,632.56,19.39,496.09,0.50,194.09,14920.28,873.81,6062.98
Blink B,1,45,701912445,702544860,632415
Saccade B,1,170,702578002,702677764,99762,278.17,656.39,537.91,682.83,17.07,215.75,0.50,171.07,10957.53,953.23,4743.74
Fixation B,1,137,702677764,702877471,199707,653.52,649.92,67,87,-1,127.50,113.33
Saccade B,1,171,702877471,702977203,99732,640.88,604.16,1006.13,592.08,17.64,305.52,0.50,176.86,9759.83,1043.58,4760.22
Fixation B,1,138,702977203,703343200,365997,878.65,657.09,139,129,-1,123.64,116.36
Saccade B,1,172,703343200,703409820,66620,876.10,922.29,934.34,1175.27,21.33,358.72,0.50,320.11,7843.14,2315.35,5079.25
Saccade B,1,173,703443084,703509582,66498,-583.45,-881.76,1281.29,1361.41,249.79,4045.76,0.50,3756.34,226046.39,102561.65,164304.02
Saccade B,1,174,703576232,703642700,66468,-19412.99,-9666.56,938.75,1764.46,2111.58,32374.46,0.50,31768.40,1911748.04,973731.90,1442739.97
Saccade B,1,175,703775817,703842437,66620,599.69,1344.95,557.09,1844.04,28.62,694.09,0.50,429.65,18439.23,6055.24,12247.23
Saccade B,1,176,703875701,703942199,66498,587.64,1840.19,326.19,1301.53,27.84,829.67,0.50,418.60,25032.51,829.76,12931.14
Saccade B,1,177,703975463,704042083,66620,614.83,1856.46,15.28,963.47,67.37,1486.33,0.50,1011.23,59060.21,13241.13,36150.67
Fixation B,1,139,705007080,705073577,66497,1118.93,570.48,114,114,-1,79.00,59.00
Saccade B,1,178,705073577,705140075,66498,1229.88,579.33,1102.60,615.00,9.43,183.33,0.50,141.74,8323.85,7254.10,7788.98
Fixation B,1,140,705140075,705339813,199738,947.07,666.34,159,85,-1,122.17,120.00
Fixation B,1,141,706304840,706504608,199768,959.74,421.17,42,103,-1,117.67,101.00
Saccade B,1,179,706504608,706571075,66467,938.76,423.16,900.12,362.84,3.39,99.64,0.50,50.98,2985.02,965.13,1975.08
Fixation B,1,142,706571075,706637695,66620,918.01,358.67,17,1,-1,125.50,97.50
Saccade B,1,180,706637695,706704162,66467,915.95,349.68,945.79,346.49,2.00,41.63,0.50,30.08,1698.12,1179.65,1438.88
Fixation B,1,143,706704162,706903778,199616,966.89,344.01,32,32,-1,125.67,98.33
Saccade B,1,181,706970336,707070068,99732,926.79,646.57,980.30,1465.72,51.58,731.02,0.50,517.14,12121.02,1962.45,8441.37
Fixation B,1,144,707901916,708068420,166504,986.23,404.42,26,12,-1,122.40,101.00
Fixation B,1,145,709000061,709233154,233093,473.20,511.87,224,61,-1,127.71,113.00
Saccade B,1,182,709266357,709332855,66498,672.67,706.92,667.35,478.90,18.78,316.33,0.50,282.42,16971.82,5098.74,11035.28
Saccade B,1,183,709366119,709432739,66620,684.05,494.33,934.36,629.06,14.15,392.82,0.50,212.33,10825.53,993.48,5909.51
Saccade B,1,184,709465942,709532592,66650,936.25,662.51,891.33,587.64,5.74,120.98,0.50,86.10,5071.80,1687.03,3379.41
Fixation B,1,146,709532592,709632354,99762,868.74,588.14,16,1,-1,121.33,115.33
Saccade B,1,185,709632354,709698852,66498,850.18,588.97,973.50,780.79,10.99,316.28,0.50,165.20,9722.27,89.07,4905.67
Fixation B,1,147,709698852,709831970,133118,884.22,585.58,12,2,-1,114.75,113.50
Saccade B,1,186,709831970,709898590,66620,807.55,599.62,741.49,647.66,7.04,113.28,0.50,105.73,2750.49,1467.86,2109.17
Blink B,1,46,709931854,710297851,365997
Fixation B,1,148,710297851,710530853,233002,1087.98,449.23,388,100,-1,105.57,96.14
Saccade B,1,187,710530853,710597351,66498,756.29,403.35,434.66,438.60,22.03,448.77,0.50,331.26,7189.43,4950.97,6070.20
Fixation B,1,149,710597351,710663818,66467,439.44,436.98,21,5,-1,120.00,101.00
Saccade B,1,188,710663818,710863586,199768,480.93,439.78,576.07,539.90,22.79,47.61,0.50,114.06,12094.37,229.09,3560.47
Saccade B,1,189,710896850,710963348,66498,607.22,536.34,371.73,603.83,12.73,339.46,0.50,191.45,11495.01,2475.37,6985.19
Fixation B,1,150,710963348,711096466,133118,385.86,592.95,27,24,-1,122.50,117.50
Saccade B,1,190,711129730,711262847,133117,286.81,546.40,940.79,406.79,34.36,354.04,0.50,258.10,12416.47,1596.36,4670.12
Fixation B,1,151,711262847,711462463,199616,728.19,310.99,141,104,-1,119.83,81.67
Saccade B,1,191,711462463,711529113,66650,777.22,283.68,853.59,310.36,6.29,112.21,0.50,94.32,1527.89,1086.12,1307.01
Fixation B,1,152,711529113,711628845,99732,914.25,388.06,42,67,-1,120.33,94.33
Saccade B,1,192,711628845,711728729,99884,942.62,444.16,486.31,502.07,22.49,509.89,0.50,225.13,11506.62,605.36,5501.79
Fixation B,1,153,711728729,711828735,100006,419.01,495.26,72,3,-1,119.33,107.67
Saccade B,1,193,711863250,711964294,101044,488.12,530.58,1101.86,556.42,30.48,507.88,0.47,301.64,10256.35,485.13,5264.71
Fixation B,1,154,711964294,712128845,164551,1024.45,552.39,130,26,-1,117.80,104.20
Saccade B,1,194,712128845,712197113,68268,983.86,523.33,1019.14,494.30,2.75,62.11,0.50,40.32,1408.79,213.98,811.38
Fixation B,1,155,712197113,712294372,97259,1035.78,509.75,14,22,-1,113.67,101.33
Saccade B,1,195,712294372,712394195,99823,1053.28,533.29,1106.29,554.23,3.38,72.26,0.50,33.88,1971.48,454.37,977.58
Fixation B,1,156,712394195,712494079,99884,1111.81,532.92,6,21,-1,115.67,104.33
Saccade B,1,196,712494079,712560607,66528,1128.19,523.94,1146.28,533.46,1.55,28.32,0.50,23.27,532.55,424.72,478.64
Fixation B,1,157,712560607,712627105,66498,1152.34,529.76,26,17,-1,115.50,105.50
Saccade B,1,197,712627105,712693725,66620,1183.70,529.89,1218.37,519.19,2.59,50.14,0.50,38.92,1146.05,692.11,919.08
Fixation B,1,158,712693725,712793457,99732,1223.84,492.34,24,20,-1,115.33,102.67
Saccade B,1,198,712793457,712860076,66619,1210.99,469.34,1127.46,425.75,5.73,129.97,0.50,85.99,2632.45,1850.99,2241.72
Fixation B,1,159,712860076,712926574,66498,1137.65,420.27,7,7,-1,116.00,98.50
Saccade B,1,199,712926574,712993194,66620,1162.09,412.12,1207.43,418.01,3.09,63.35,0.50,46.42,1112.94,567.57,840.26
Fixation B,1,160,712993194,713059722,66528,1224.42,413.94,27,7,-1,112.00,96.00
Saccade B,1,200,713059722,713126220,66498,1222.73,407.68,1189.62,408.35,2.38,45.93,0.50,35.83,1951.18,860.73,1405.95
Fixation B,1,161,713126220,713226104,99884,1204.87,421.00,7,2,-1,114.67,101.00
Saccade B,1,201,713226104,713292755,66651,1213.16,426.20,1304.91,439.93,4.64,128.56,0.50,69.62,3594.00,347.22,1970.61
Fixation B,1,162,713292755,713392456,99701,1300.22,435.05,31,39,-1,113.67,103.67
Blink B,1,47,713392456,713758483,366027
Fixation B,1,163,713758483,713825103,66620,1191.26,373.39,0,1,-1,119.50,100.50
Saccade B,1,202,713825103,713891601,66498,1190.51,370.27,1183.79,366.64,0.47,10.59,0.50,7.09,256.59,56.53,156.56
Saccade B,1,203,713924835,713991485,66650,1187.63,366.08,1219.73,371.37,1.73,44.83,0.50,25.99,1330.75,391.30,861.03
Fixation B,1,164,713991485,714257598,266113,1200.10,363.30,14,13,-1,121.00,101.00
Saccade B,1,204,714257598,714324218,66620,1196.14,350.70,1231.01,348.50,2.00,48.20,0.50,29.96,1706.38,183.59,944.98
Fixation B,1,165,714324218,714390716,66498,1212.74,332.64,0,4,-1,121.50,97.00
Saccade B,1,205,714390716,714457336,66620,1217.79,327.72,1187.97,325.63,1.65,41.42,0.50,24.82,1463.83,256.96,860.39
Blink B,1,48,714457336,714823333,365997
Blink B,1,49,714889831,715222595,332764
Blink B,1,50,715256042,715921508,665466
Fixation B,1,166,715921508,716021209,99701,348.00,468.09,15,2,-1,125.00,114.67
Saccade B,1,206,716021209,716087860,66651,351.76,477.23,412.00,509.06,3.84,94.40,0.50,57.67,2230.83,891.90,1561.36
Saccade B,1,207,716121093,716254272,133179,410.85,516.32,415.98,478.99,11.90,115.55,0.50,89.38,6882.35,322.59,2730.01
Saccade B,1,208,716320709,716387359,66650,342.98,650.80,429.28,478.58,17.63,266.92,0.50,264.54,15902.15,7989.61,11945.88
Saccade B,1,209,716420623,716487091,66468,439.11,461.32,418.27,485.96,2.05,44.79,0.50,30.89,1855.84,196.03,1025.93
Fixation B,1,167,716487091,716553710,66619,414.14,485.16,9,16,-1,126.00,108.50
Saccade B,1,210,716553710,716653472,99762,407.44,479.04,383.58,295.30,9.62,147.79,0.50,96.42,3867.53,1318.41,2581.52
Fixation B,1,168,716653472,716753356,99884,370.59,278.75,6,5,-1,124.67,81.33
Saccade B,1,211,716753356,716819854,66498,368.94,260.26,339.93,238.40,2.60,50.33,0.50,39.03,1128.04,1039.03,1083.54
Fixation B,1,169,716819854,716952972,133118,337.72,249.32,4,6,-1,120.25,82.50
Saccade B,1,212,716952972,717019500,66528,336.22,248.23,270.70,342.36,5.41,158.92,0.50,81.38,4662.77,317.99,2490.38
Fixation B,1,170,717019500,717152587,133087,239.85,411.71,3,4,-1,117.50,103.00
Saccade B,1,213,717152587,717252471,99884,231.77,405.89,308.19,433.58,4.13,79.19,0.50,41.39,1394.35,350.56,1027.31
