Blink B,1,1,933809631,934608154,798523
Saccade B,1,1,934708160,934841308,133148,869.90,690.09,1122.72,859.75,38.92,644.57,0.50,292.30,16695.42,926.27,9156.53
Fixation B,1,1,934841308,934907745,66437,1071.61,844.93,102,29,-1,122.50,123.50
Saccade B,1,2,934907745,934974365,66620,1077.99,835.75,998.81,800.82,6.66,119.92,0.50,100.02,6829.66,5941.06,6385.36
Fixation B,1,2,934974365,935140747,166382,896.32,781.14,86,34,-1,125.40,115.00
Saccade B,1,3,935140747,935207275,66528,926.61,684.03,947.81,532.81,12.92,211.60,0.50,194.15,6123.70,2417.30,4270.50
Fixation B,1,3,935207275,935307128,99853,959.99,477.82,17,0,-1,117.33,104.67
Saccade B,1,4,935307128,935373626,66498,952.40,473.80,970.79,419.72,2.78,78.85,0.50,41.81,2227.15,231.80,1229.47
Fixation B,1,4,935373626,935473510,99884,971.56,413.00,4,6,-1,122.00,101.00
Saccade B,1,5,935473510,935573272,99762,977.59,409.39,902.16,397.25,3.91,91.84,0.50,39.22,2339.48,570.11,1228.02
Fixation B,1,5,935573272,935673126,99854,855.60,404.03,1,6,-1,128.00,102.00
Blink B,1,2,935706390,935806274,99884
Fixation B,1,6,935806274,935872741,66467,748.75,798.69,13,15,-1,132.00,115.50
Saccade B,1,6,935872741,935939392,66651,748.78,876.22,775.88,1038.52,11.54,228.02,0.50,173.18,4261.28,3325.28,3793.28
Saccade B,1,7,935972717,936039215,66498,773.00,899.11,626.76,773.67,10.43,266.25,0.50,156.87,6908.70,3024.14,4966.42
Fixation B,1,7,936039215,936238708,199493,600.97,665.04,136,26,-1,129.50,113.67
Blink B,1,3,936238708,936438537,199829
Fixation B,1,8,936438537,936538085,99548,694.59,593.24,11,9,-1,130.00,112.67
Saccade B,1,8,936538085,936604766,66681,684.51,587.05,483.26,509.81,10.87,298.43,0.50,163.04,8155.01,1218.36,4686.69
Fixation B,1,9,936604766,937103851,499085,533.20,499.81,220,39,-1,129.07,110.67
Saccade B,1,9,937103851,937170349,66498,628.77,519.51,597.11,572.02,3.08,84.89,0.50,46.25,2646.47,47.18,1346.83
Fixation B,1,10,937170349,937303497,133148,605.23,576.85,12,2,-1,133.25,114.00
Saccade B,1,10,937303497,937369964,66467,620.65,565.08,660.55,479.07,5.10,131.49,0.50,76.72,3310.79,634.66,1972.72
Fixation B,1,11,937369964,937436614,66650,676.82,451.82,0,2,-1,131.50,103.00
Saccade B,1,11,937436614,937503112,66498,679.89,452.33,702.61,380.29,3.62,104.67,0.50,54.42,3079.19,180.26,1629.72
Fixation B,1,12,937503112,937602966,99854,711.20,346.57,5,5,-1,130.33,93.00
Saccade B,1,12,937602966,937702728,99762,715.70,358.49,401.09,390.02,15.08,327.87,0.50,151.15,6538.96,447.28,3497.81
Fixation B,1,13,937702728,937802642,99914,426.59,382.96,31,6,-1,125.00,98.67
Saccade B,1,13,937802642,937935760,133118,471.16,381.20,263.28,415.25,12.76,300.57,0.50,95.87,9817.71,389.94,4778.31
Fixation B,1,14,937935760,938035583,99823,322.52,417.47,41,29,-1,113.67,96.33
Saccade B,1,14,938035583,938102111,66528,448.40,531.12,563.99,733.55,18.16,322.71,0.50,273.02,6163.00,3279.39,4721.19
Blink B,1,4,938135375,938934020,798645
Fixation B,1,15,938934020,939033905,99885,714.40,594.37,10,11,-1,126.67,111.33
Fixation B,1,16,939200286,939333343,133057,626.70,481.31,9,4,-1,130.75,108.00
Saccade B,1,15,939533050,939599517,66467,666.32,570.48,882.19,839.06,18.42,477.91,0.50,277.07,12087.93,2497.76,7292.85
Fixation B,1,17,940265136,940331573,66437,-674.55,-1256.40,2,1,-1,11.50,13.00
Fixation B,1,18,940631072,940963775,332703,640.98,577.00,90,165,-1,128.10,105.30
Saccade B,1,16,940963775,941030395,66620,731.18,500.66,791.39,471.19,4.95,92.55,0.50,74.37,1457.99,1089.33,1273.66
Fixation B,1,19,941030395,941196777,166382,799.00,469.08,5,5,-1,120.60,108.20
Saccade B,1,17,941196777,941263275,66498,774.48,458.19,536.89,380.32,12.75,345.83,0.50,191.78,9250.20,985.37,5117.79
Fixation B,1,20,941263275,941496276,233001,431.90,350.65,32,17,-1,121.57,92.14
Saccade B,1,18,941496276,941562774,66498,553.94,545.94,747.48,789.87,24.76,431.47,0.50,372.29,9218.60,4157.95,6688.28
Fixation B,1,21,941562774,941662628,99854,736.70,949.92,9,30,-1,115.67,112.67
Saccade B,1,19,941662628,941762542,99914,729.59,917.35,743.78,797.49,11.33,217.45,0.50,113.39,8072.31,2905.97,4884.67
Fixation B,1,22,941762542,941862365,99823,734.89,790.41,4,5,-1,123.33,106.67
Saccade B,1,20,941862365,941928955,66590,731.90,786.13,738.48,773.66,0.77,19.57,0.50,11.52,581.25,124.42,352.83
Fixation B,1,23,941928955,941995483,66528,739.26,782.91,2,5,-1,126.50,107.50
Saccade B,1,21,941995483,942161865,166382,743.00,775.17,898.11,809.81,19.77,205.50,0.50,118.83,11818.42,302.35,5528.67
Saccade B,1,22,942195098,942328430,133332,904.76,823.22,843.57,561.42,14.80,209.13,0.50,111.00,8663.16,2493.85,5455.26
Fixation B,1,24,942328430,942461395,132965,844.24,563.04,1,6,-1,123.25,114.00
Saccade B,1,23,942461395,942561126,99731,845.05,572.96,662.87,464.87,10.03,232.49,0.50,100.54,5161.48,122.07,2422.90
Fixation B,1,25,942561126,942661102,99976,670.63,471.58,19,20,-1,133.00,108.67
Saccade B,1,24,942661102,942727508,66406,678.54,484.79,464.35,441.44,10.26,303.93,0.50,154.49,9131.73,503.51,4817.62
Fixation B,1,26,942727508,943126861,399353,475.68,468.06,97,63,-1,121.75,106.75
Saccade B,1,25,943126861,943193359,66498,570.21,487.56,703.08,536.32,11.29,196.13,0.50,169.77,4459.59,2067.19,3263.39
Fixation B,1,27,943193359,943293365,100006,682.72,527.94,30,17,-1,122.33,102.33
Saccade B,1,26,943293365,943359741,66376,759.16,651.08,916.55,943.32,22.77,462.07,0.50,343.07,7599.65,7273.04,7436.35
Fixation B,1,28,943359741,943426391,66650,914.73,1012.76,8,41,-1,121.50,95.50
Saccade B,1,27,943459655,943559478,99823,941.05,1096.42,547.32,673.71,117.80,2112.22,0.50,1180.04,103138.48,3986.02,47816.65
Saccade B,1,28,943592803,943725769,132966,-52.07,1743.82,941.05,1096.42,110.16,1645.71,0.50,828.49,74446.91,21880.12,49231.01
Fixation B,1,29,944391296,944491119,99823,602.15,1635.45,28,15,-1,86.33,36.67
Fixation B,1,30,944690734,945522613,831879,609.27,368.96,71,278,-1,133.08,98.52
Saccade B,1,29,945522613,945589233,66620,625.15,460.95,614.47,439.65,1.28,32.89,0.50,19.16,1121.11,109.01,615.06
Blink B,1,5,945589233,945921966,332733
Fixation B,1,31,945988555,947552612,1564057,524.28,370.55,31,56,-1,112.64,87.64
Saccade B,1,30,947552612,947618988,66376,554.53,310.63,558.54,286.91,2.16,33.49,0.50,32.53,324.73,243.18,283.96
Fixation B,1,32,947618988,947785369,166381,561.48,275.31,4,20,-1,122.40,82.40
Saccade B,1,31,947785369,947918487,133118,557.86,302.76,532.99,330.44,2.49,24.93,0.50,18.70,502.19,168.41,310.97
Fixation B,1,33,947918487,948051605,133118,513.25,340.94,16,8,-1,121.25,93.25
Saccade B,1,32,948051605,948118103,66498,502.05,346.51,506.87,419.37,3.58,101.18,0.50,53.86,3001.69,111.28,1556.48
Fixation B,1,34,948118103,948217987,99884,521.15,423.32,4,5,-1,132.00,103.67
Saccade B,1,33,948217987,948317871,99884,527.39,415.61,538.34,409.25,0.97,12.19,0.50,9.73,291.15,94.00,179.37
Fixation B,1,35,948317871,948683868,365997,553.02,448.67,18,64,-1,129.18,107.91
Saccade B,1,34,948683868,948750366,66498,548.98,441.98,562.12,434.11,0.80,21.26,0.50,12.04,668.41,242.45,455.43
Fixation B,1,36,948750366,948983398,233032,586.83,453.66,30,24,-1,135.86,111.86
Saccade B,1,35,948983398,949049865,66467,597.72,456.78,597.08,449.33,0.42,10.34,0.50,6.26,263.58,95.43,179.50
Fixation B,1,37,949049865,949116485,66620,592.83,441.48,6,6,-1,135.50,110.00
Saccade B,1,36,949116485,949183013,66528,584.25,430.85,584.86,418.93,0.97,16.49,0.50,14.63,302.83,82.61,192.72
Saccade B,1,37,949282745,949349609,66864,788.56,434.43,1126.15,474.72,26.64,469.82,0.50,398.48,10161.36,4286.80,7224.08
Fixation B,1,38,949349609,949416137,66528,1217.89,486.34,113,23,-1,115.00,113.50
Blink B,1,6,949416137,949916198,500061
Fixation B,1,39,949950378,950050689,100311,841.61,442.86,67,16,-1,128.00,110.33
Saccade B,1,38,950050689,950117065,66376,790.06,453.65,734.52,454.19,3.63,81.60,0.47,54.63,1735.01,262.84,998.93
Fixation B,1,40,950117065,950314361,197296,709.28,457.56,24,9,-1,137.17,110.83
Blink B,1,7,950314361,951013092,698731
Fixation B,1,41,951046386,951212707,166321,801.77,412.03,201,26,-1,125.80,99.80
Saccade B,1,39,951212707,951279357,66650,686.97,406.39,702.63,455.29,3.81,70.89,0.50,57.18,2647.34,89.32,1368.33
Fixation B,1,42,951279357,951379119,99762,663.24,453.22,38,7,-1,133.00,106.67
Saccade B,1,40,951379119,951445739,66620,629.39,438.97,605.49,425.04,2.12,38.12,0.50,31.79,380.24,187.86,284.05
Fixation B,1,43,951445739,951778472,332733,564.23,388.69,37,48,-1,128.60,98.50
Saccade B,1,41,951778472,951878234,99762,593.88,384.93,351.39,405.61,12.28,276.42,0.50,123.14,6479.84,754.71,3303.70
Fixation B,1,44,951878234,951978118,99884,137.83,518.12,113,51,-1,113.00,101.33
Saccade B,1,42,951978118,952244476,266358,138.94,553.50,395.50,484.34,37.15,191.92,0.50,139.48,12625.13,394.06,5446.96
Saccade B,1,43,952277618,952443969,166351,477.11,485.81,496.18,520.29,20.22,120.48,0.50,121.53,9565.14,431.79,3816.15
Fixation B,1,45,952443969,952543731,99762,542.25,531.96,90,20,-1,130.67,116.67
Saccade B,1,44,952543731,952610382,66651,633.43,540.50,566.49,548.76,5.25,93.21,0.50,78.76,4714.59,280.60,2497.59
Fixation B,1,46,952610382,952676940,66558,526.53,563.66,18,2,-1,130.00,121.50
Saccade B,1,45,952676940,952743469,66529,554.10,568.56,414.65,510.36,7.81,209.20,0.50,117.41,7040.00,68.03,3554.02
Fixation B,1,47,952743469,952909851,166382,445.64,484.53,60,5,-1,127.00,114.20
Saccade B,1,46,952909851,952976562,66711,489.39,482.18,422.45,427.29,4.66,120.08,0.50,69.81,4021.14,258.95,2140.04
Fixation B,1,48,952976562,953042999,66437,418.03,384.24,15,1,-1,126.50,101.00
Saccade B,1,47,953042999,953109466,66467,429.98,369.64,504.55,293.94,5.61,146.85,0.50,84.39,3842.41,842.63,2342.52
Fixation B,1,49,953109466,953242614,133148,516.17,303.88,7,14,-1,128.75,91.25
Saccade B,1,48,953242614,953342346,99732,518.83,316.62,772.02,341.17,12.07,348.18,0.50,120.98,10340.07,30.01,3500.35
Fixation B,1,50,953342346,953475494,133148,776.86,337.78,53,7,-1,127.50,95.00
Saccade B,1,49,953475494,953608673,133179,902.84,352.47,949.83,343.12,23.31,361.20,0.50,175.00,12057.87,2134.01,5918.79
Saccade B,1,50,953675231,953741729,66498,865.66,341.20,1148.73,437.85,14.89,414.09,0.50,223.92,13305.10,1626.44,7465.77
Saccade B,1,51,953774993,953841491,66498,1287.14,522.38,1097.78,431.43,11.05,290.28,0.50,166.14,8543.62,7453.46,7998.54
Blink B,1,8,953941497,954041320,99823
Saccade B,1,52,954074523,954240844,166321,1134.99,435.58,1014.72,369.07,30.33,182.46,0.50,182.33,17002.23,3398.79,8811.43
Fixation B,1,51,954240844,954340759,99915,950.76,373.92,124,14,-1,129.00,95.67
Saccade B,1,53,954340759,954407226,66467,947.82,364.67,875.56,350.28,6.06,102.28,0.50,91.19,5443.17,4808.70,5125.93
Fixation B,1,52,954407226,954606842,199616,674.59,338.99,253,97,-1,133.50,86.17
Saccade B,1,54,954606842,954673461,66619,513.16,367.45,504.00,264.80,9.49,142.80,0.50,142.43,8259.28,5448.34,6853.81
Fixation B,1,53,954673461,954773223,99762,494.96,261.80,10,8,-1,131.33,83.00
Saccade B,1,55,954773223,954839843,66620,449.32,246.79,252.93,248.42,11.44,272.40,0.50,171.73,6124.72,2526.55,4325.63
Fixation B,1,54,954839843,954939605,99762,339.12,271.42,121,17,-1,122.33,84.00
Saccade B,1,56,954939605,955006225,66620,436.34,292.10,269.85,315.72,9.49,233.22,0.50,142.42,8420.33,1288.96,4854.65
Saccade B,1,57,955039459,955105987,66528,25.95,395.07,156.45,386.00,11.41,181.27,0.50,171.53,10255.58,999.41,5627.50
Blink B,1,9,955105987,955405487,299500
Fixation B,1,55,955405487,955471984,66497,-97.84,524.72,100,43,-1,105.00,106.00
Saccade B,1,58,955471984,955605102,133118,-71.35,484.66,168.61,395.63,20.81,158.42,0.50,156.31,8792.42,3387.96,6485.33
Fixation B,1,56,955605102,955705047,99945,198.47,387.44,64,16,-1,112.67,102.33
Saccade B,1,59,955705047,955771514,66467,248.07,367.00,192.52,481.16,8.52,176.26,0.50,128.21,7249.39,4049.22,5649.30
Fixation B,1,57,955771514,956337219,565705,447.03,409.07,297,123,-1,126.12,95.24
Saccade B,1,60,956337219,956403717,66498,663.61,373.63,911.90,441.03,18.72,356.50,0.50,281.51,7184.82,4796.72,5990.77
Saccade B,1,61,956436981,956570098,133117,917.99,467.97,942.29,501.42,15.49,237.21,0.50,116.40,9053.28,1056.97,5165.31
Saccade B,1,62,956603363,956670013,66650,868.07,486.26,1043.27,641.05,14.23,321.90,0.50,213.43,12431.76,125.49,6278.63
Fixation B,1,58,956670013,956736602,66589,1125.39,796.83,34,18,-1,116.00,122.00
Saccade B,1,63,956736602,956803100,66498,1010.69,768.29,902.24,716.75,10.33,166.84,0.50,155.41,3463.38,769.88,2116.63
Blink B,1,10,956836456,956936096,99640
Saccade B,1,64,956969482,957202362,232880,443.15,1249.53,525.47,692.48,36.22,152.87,0.50,155.54,14160.25,1403.29,6475.30
Fixation B,1,59,957202362,957634979,432617,610.11,638.97,124,66,-1,117.38,112.46
Saccade B,1,65,957634979,957701507,66528,633.41,520.68,556.49,425.34,10.56,169.28,0.50,158.74,4135.40,2569.75,3352.58
Fixation B,1,60,957701507,957768310,66803,560.00,415.09,5,3,-1,117.00,101.00
Saccade B,1,66,957768310,957867828,99518,564.71,422.78,360.58,281.35,11.80,213.99,0.50,118.53,6705.18,172.26,3150.91
Fixation B,1,61,957867828,958167358,299530,353.18,133.22,116,129,-1,121.11,71.44
Saccade B,1,67,958167358,958433593,266235,470.52,201.72,321.41,492.94,37.30,150.79,0.50,140.10,12548.28,1031.67,5151.72
Fixation B,1,62,958466857,958866119,399262,431.50,534.29,112,52,-1,120.08,112.33
Blink B,1,11,958866119,959165588,299469
Fixation B,1,63,959165588,959232360,66772,325.21,697.96,49,4,-1,114.50,122.50
Saccade B,1,68,959232360,959298736,66376,271.04,793.79,188.98,894.41,11.59,180.75,0.50,174.58,6418.50,379.98,3399.24
Fixation B,1,64,959298736,959365234,66498,282.58,874.75,67,2,-1,118.50,126.00
Saccade B,1,69,959365234,959431854,66620,357.02,883.75,433.45,965.78,7.10,154.93,0.50,106.60,3315.50,1234.01,2274.75
Fixation B,1,65,959431854,959531616,99762,543.18,945.00,102,16,-1,118.67,104.00
Blink B,1,12,959531616,959731353,199737
Fixation B,1,66,959764648,960030731,266083,980.91,736.23,85,65,-1,122.50,116.38
Saccade B,1,70,960030731,960130584,99853,993.95,684.90,961.40,681.40,2.68,36.12,0.50,26.82,1054.38,274.24,626.26
Fixation B,1,67,960130584,960263732,133148,887.44,690.71,68,35,-1,123.25,124.75
Saccade B,1,71,960263732,960330230,66498,857.34,744.91,830.70,675.31,5.10,103.36,0.50,76.63,4565.12,1201.10,2883.11
Fixation B,1,68,960330230,960596527,266297,841.21,669.72,30,9,-1,122.88,118.13
Saccade B,1,72,960596527,960662963,66436,860.23,664.15,841.61,631.19,1.98,52.56,0.50,29.81,1630.82,113.90,872.36
Fixation B,1,69,960662963,960929229,266266,859.84,599.12,18,46,-1,122.75,118.00
Saccade B,1,73,960929229,960995727,66498,853.98,574.06,842.57,549.08,1.74,38.08,0.50,26.16,776.13,285.66,530.90
Fixation B,1,70,960995727,961162109,166382,805.57,531.88,47,15,-1,127.80,115.80
Saccade B,1,74,961162109,961228759,66650,766.94,525.05,758.07,490.70,2.26,49.02,0.50,33.90,1494.07,193.18,843.62
Fixation B,1,71,961228759,961328521,99762,729.30,473.91,37,1,-1,125.67,108.33
Saccade B,1,75,961328521,961461608,133087,688.85,477.07,801.41,450.35,8.08,36.54,0.50,60.73,6676.00,150.31,2655.05
Fixation B,1,72,961461608,961561492,99884,783.59,452.23,36,3,-1,122.00,105.00
Saccade B,1,76,961561492,961627990,66498,739.77,452.88,865.56,431.63,7.03,176.95,0.50,105.67,6341.48,209.64,3275.56
Fixation B,1,73,961627990,961860961,232971,796.04,424.10,161,13,-1,119.14,99.29
Saccade B,1,77,961860961,961927459,66498,670.72,432.36,831.16,437.94,9.12,222.24,0.50,137.08,8231.75,370.92,4301.34
Fixation B,1,74,961927459,962293457,365998,728.14,452.09,312,23,-1,116.45,97.91
Saccade B,1,78,962293457,962360107,66650,564.77,463.25,766.98,474.55,9.98,279.61,0.50,149.70,8961.75,612.12,4786.94
Fixation B,1,75,962360107,962559722,199615,768.49,456.92,78,30,-1,117.83,97.67
Saccade B,1,79,962559722,962659606,99884,697.45,443.66,1017.18,500.57,16.26,355.98,0.50,162.79,7872.02,306.51,4049.41
Fixation B,1,76,962659606,962759338,99732,918.96,474.98,121,19,-1,111.67,102.67
Saccade B,1,80,962759338,962825958,66620,890.48,462.36,1152.43,481.82,13.64,363.64,0.50,204.76,9582.76,3938.57,6760.66
Fixation B,1,77,962825958,962892669,66711,1102.27,478.70,63,3,-1,109.00,105.00
Blink B,1,13,962958953,963291717,332764
Fixation B,1,78,963291717,963391571,99854,917.39,557.40,158,67,-1,113.67,116.00
Saccade B,1,81,963391571,963458221,66650,758.33,612.54,882.68,605.31,9.64,172.61,0.50,144.64,8660.05,764.59,4712.32
Fixation B,1,79,963458221,963557952,99731,875.96,614.91,148,30,-1,121.67,118.00
Saccade B,1,82,963591217,963757598,166381,642.69,670.01,859.53,605.06,24.55,434.58,0.50,147.57,12739.12,316.05,5678.09
Saccade B,1,83,963790954,963857452,66498,907.38,582.92,1008.79,554.51,7.26,145.40,0.50,109.13,5307.09,2228.26,3767.68
Fixation B,1,80,963857452,964123718,266266,850.83,552.85,206,21,-1,114.75,110.25
Saccade B,1,84,964123718,964190216,66498,703.35,525.83,613.36,476.59,7.27,142.28,0.50,109.28,1985.74,1562.27,1774.00
Fixation B,1,81,964190216,964489715,299499,538.05,434.76,86,60,-1,122.44,100.89
Saccade B,1,85,964489715,964556304,66589,495.29,414.05,471.68,434.13,1.85,42.95,0.50,27.74,918.52,157.04,537.78
Blink B,1,14,964589477,964722595,133118
Saccade B,1,86,964789215,964855743,66528,501.00,1047.56,511.40,682.56,17.22,506.47,0.50,258.81,14969.95,1794.24,8382.09
Fixation B,1,82,964855743,964922332,66589,433.01,572.89,20,0,-1,123.50,114.50
Saccade B,1,87,964922332,964988830,66498,444.47,545.46,348.25,443.89,7.73,193.86,0.50,116.19,5094.79,1426.08,3260.44
Fixation B,1,83,964988830,965155242,166412,420.96,376.35,106,71,-1,118.00,96.80
Saccade B,1,88,965155242,965255096,99854,503.50,328.23,572.26,313.08,4.61,59.45,0.50,46.13,655.60,178.53,495.71
Fixation B,1,84,965255096,965621093,365997,680.38,332.08,91,46,-1,133.27,96.00
Saccade B,1,89,965621093,965687591,66498,687.20,368.86,664.39,412.61,2.96,68.37,0.50,44.54,1837.31,715.65,1276.48
Fixation B,1,85,965687591,966120330,432739,669.56,516.21,33,154,-1,135.69,113.85
Saccade B,1,90,966120330,966186706,66376,647.40,568.01,635.41,563.45,1.00,17.85,0.50,15.12,383.39,347.22,365.30
Fixation B,1,86,966186706,966619354,432648,523.05,495.52,164,93,-1,128.38,112.62
Saccade B,1,91,966619354,966685852,66498,467.68,466.73,460.56,477.91,0.72,18.37,0.50,10.88,483.83,17.34,250.58
Saccade B,1,92,966719329,966785736,66407,452.35,487.16,464.13,497.48,1.01,21.76,0.50,15.15,701.65,9.41,355.53
Fixation B,1,87,966785736,966918853,133117,460.89,509.64,17,18,-1,127.75,115.00
Saccade B,1,93,966918853,966985351,66498,472.12,529.52,444.00,560.99,2.47,58.53,0.50,37.08,1523.99,383.34,953.66
Fixation B,1,88,966985351,967184967,199616,522.87,540.05,135,43,-1,130.33,118.17
Saccade B,1,94,967184967,967251678,66711,529.15,549.34,440.18,601.63,8.14,142.48,0.50,122.04,4296.30,1254.34,2775.32
Fixation B,1,89,967251678,967351348,99670,530.48,572.16,104,25,-1,131.33,120.67
Saccade B,1,95,967351348,967417968,66620,646.12,554.82,533.76,593.36,8.37,164.15,0.50,125.57,7477.46,416.78,3947.12
Saccade B,1,96,967451232,967584472,133240,529.59,633.89,452.16,659.10,14.79,115.84,0.50,111.02,9459.60,592.58,5690.59
Fixation B,1,90,967584472,967684417,99945,504.43,669.44,103,16,-1,133.67,118.33
Saccade B,1,97,967684417,967750701,66284,614.70,686.02,443.37,694.10,10.63,239.20,0.50,160.41,9664.21,405.95,5035.08
Fixation B,1,91,967750701,967850463,99762,447.97,669.16,119,26,-1,127.33,123.00
Saccade B,1,98,967883850,968050292,166442,659.61,636.50,519.44,557.22,28.14,302.01,0.50,169.09,11624.07,587.42,4737.14
Blink B,1,15,968083465,968382965,299500
Fixation B,1,92,968382965,968482727,99762,279.17,548.12,42,28,-1,114.33,114.00
Saccade B,1,99,968516082,968582580,66498,344.46,497.52,103.46,540.57,12.49,339.23,0.50,187.81,11139.90,181.63,5660.76
Saccade B,1,100,968615844,968682464,66620,151.12,489.84,208.37,437.79,5.55,107.31,0.50,83.27,1589.63,1312.37,1451.00
Saccade B,1,101,968715698,968915344,199646,137.34,453.42,189.65,346.53,46.53,419.74,0.50,233.05,14365.46,4324.28,8509.88
Saccade B,1,102,968948669,969148345,199676,97.26,483.93,321.45,407.78,30.83,248.86,0.50,154.40,14338.56,2517.15,7524.66
Fixation B,1,93,969148345,969214843,66498,345.23,405.79,47,3,-1,119.50,92.50
Saccade B,1,103,969214843,969314605,99762,410.93,425.99,518.68,378.36,7.62,95.16,0.50,76.38,2288.94,815.85,1406.87
Fixation B,1,94,969314605,969647460,332855,629.40,361.94,108,27,-1,125.90,90.60
Saccade B,1,104,969647460,969714019,66559,655.28,358.13,863.58,287.88,10.47,304.60,0.50,157.36,9460.75,81.53,4771.14
Blink B,1,16,969714019,970013458,299439
Saccade B,1,105,970079986,970146606,66620,1064.59,366.33,1294.81,395.33,18.28,321.82,0.50,274.42,16478.47,240.73,8359.60
Fixation B,1,95,970146606,970246337,99731,1658.69,416.86,216,27,-1,94.00,104.33
Saccade B,1,106,970246337,970312957,66620,1844.01,428.62,2072.80,461.52,15.78,319.70,0.50,236.94,4974.47,4400.14,4687.30
Saccade B,1,107,970346221,970412719,66498,1746.16,366.89,1387.66,376.09,27.97,496.92,0.50,420.61,6582.19,5627.76,6104.98
Saccade B,1,108,970445953,970512664,66711,1312.31,469.53,1064.34,416.81,18.35,350.00,0.50,275.07,16414.05,14290.29,15352.17
Saccade B,1,109,970545867,970612487,66620,1105.96,408.47,999.38,406.15,8.45,147.85,0.50,126.81,6832.85,4469.77,5651.31
Fixation B,1,96,970612487,970712341,99854,804.37,399.15,176,20,-1,124.00,95.67
Saccade B,1,110,970712341,970778717,66376,631.68,383.89,718.19,389.59,7.92,120.69,0.50,119.33,7206.91,607.93,3907.42
Fixation B,1,97,970778717,970845336,66619,647.20,342.37,67,18,-1,128.00,87.50
Saccade B,1,111,970845336,970911865,66529,599.02,307.74,571.57,250.47,4.28,88.00,0.50,64.32,2197.45,1430.61,1814.03
Fixation B,1,98,970911865,971144836,232971,485.35,231.36,105,30,-1,122.57,74.86
Blink B,1,17,971144836,971777099,632263
Saccade B,1,112,971810455,971876861,66406,705.31,835.94,786.83,799.10,6.95,124.42,0.50,104.66,8015.83,6136.34,7076.09
Fixation B,1,99,971910095,972375976,465881,910.96,645.02,46,71,-1,123.93,113.79
Blink B,1,18,972442596,973041473,598877
Fixation B,1,100,973074829,973340972,266143,787.88,421.20,34,16,-1,130.25,98.63
Saccade B,1,113,973374206,973474090,99884,646.85,448.44,172.68,441.46,30.04,351.29,0.50,300.71,8639.14,2288.59,4984.70
Fixation B,1,101,973474090,973640594,166504,-65.92,460.47,131,19,-1,101.00,101.40
Saccade B,1,114,973640594,973706970,66376,-118.89,454.89,88.25,446.35,10.37,288.33,0.50,156.22,9398.35,964.90,5181.63
Fixation B,1,102,973706970,973773590,66620,122.62,446.16,3,15,-1,99.50,92.50
Blink B,1,19,973773590,974106353,332763
Fixation B,1,103,974106353,974206207,99854,568.43,693.36,69,47,-1,128.00,112.00
Saccade B,1,115,974206207,974339233,133026,584.76,733.98,478.83,959.73,13.53,270.14,0.50,101.70,8626.00,1547.12,4342.34
Fixation B,1,104,974339233,974439208,99975,497.36,959.11,35,10,-1,123.33,108.67
Blink B,1,20,974472534,974805084,332550
Fixation B,1,105,974838348,975404083,565735,745.58,494.88,212,62,-1,126.29,112.00
Saccade B,1,116,975404083,975470581,66498,815.54,516.97,819.16,548.99,2.18,44.66,0.50,32.80,1333.10,791.07,1062.08
Fixation B,1,106,975470581,975603729,133148,820.91,563.05,30,34,-1,125.50,118.50
Saccade B,1,117,975603729,975670349,66620,849.64,591.04,868.73,610.30,1.95,37.61,0.50,29.34,526.40,296.40,411.40
Fixation B,1,107,975670349,975736907,66558,885.56,630.47,10,18,-1,127.00,119.00
Saccade B,1,118,975736907,975803344,66437,902.24,655.61,824.48,626.63,4.73,115.21,0.50,71.15,4168.55,97.63,2133.09
Fixation B,1,108,975803344,975903259,99915,813.58,622.38,3,2,-1,122.67,113.00
Saccade B,1,119,975903259,975969726,66467,812.37,628.08,801.59,618.53,0.93,19.98,0.50,14.05,807.26,340.54,573.90
Fixation B,1,109,975969726,976202728,233002,754.53,608.57,99,23,-1,128.00,111.14
Saccade B,1,120,976202728,976269226,66498,669.22,607.41,842.65,621.79,9.52,241.36,0.50,143.13,8550.58,1125.41,4837.99
Blink B,1,21,976269226,976568695,299469
Fixation B,1,110,976568695,976701873,133178,751.73,699.17,107,43,-1,128.25,119.00
Saccade B,1,121,976701873,976834960,133087,678.34,733.36,740.85,691.18,15.29,279.77,0.50,114.89,9092.69,665.72,4662.57
Fixation B,1,111,976834960,976934722,99762,703.25,701.19,76,78,-1,126.67,116.33
Blink B,1,22,976934722,977134338,199616
Fixation B,1,112,977167724,977367340,199616,684.16,729.78,117,153,-1,122.83,115.83
Saccade B,1,122,977367340,977433837,66497,750.92,652.68,803.42,713.10,4.57,110.42,0.50,68.68,3564.20,582.06,2073.13
Fixation B,1,113,977433837,977500549,66712,795.42,689.27,2,1,-1,123.50,120.50
Saccade B,1,123,977500549,977600372,99823,796.93,695.22,705.90,680.38,5.37,111.90,0.50,53.84,3456.65,397.17,2372.77
Fixation B,1,114,977600372,977733337,132965,707.04,701.22,4,3,-1,123.25,120.50
Saccade B,1,124,977733337,977799957,66620,714.05,698.95,708.85,680.08,1.17,27.13,0.50,17.58,698.61,283.18,490.90
Fixation B,1,115,977799957,977866455,66498,711.10,696.70,5,17,-1,124.50,117.50
Saccade B,1,125,977866455,977932952,66497,722.74,666.61,899.71,541.02,11.84,300.70,0.50,178.02,7883.24,2366.04,5124.64
Saccade B,1,126,977966339,978099334,132995,928.82,522.09,1067.45,336.92,13.09,140.57,0.50,98.45,6317.75,2923.50,4149.83
Saccade B,1,127,978132720,978332458,199738,1024.29,385.33,934.24,681.99,22.81,118.95,0.50,114.22,7670.81,800.62,3226.51
Saccade B,1,128,978432098,978498718,66620,1213.12,595.89,828.13,1054.13,50.40,826.30,0.50,756.47,44091.38,33978.63,39035.00
Saccade B,1,129,978531982,978598449,66467,1207.28,1020.27,1478.91,1005.19,14.01,377.31,0.50,210.74,14885.46,10787.91,12836.68
Saccade B,1,130,978631866,978698333,66467,1292.58,727.60,1540.09,836.86,20.14,374.90,0.50,302.94,17581.06,264.40,8922.73
Saccade B,1,131,978731567,978798217,66650,1312.38,685.09,1200.25,602.53,11.29,192.95,0.50,169.32,2753.70,1540.50,2147.10
Saccade B,1,132,978831512,978964660,133148,1041.70,508.56,1270.40,521.91,21.82,112.20,0.50,163.84,17274.38,1763.65,7377.94
Fixation B,1,116,978964660,979097717,133057,1186.57,461.15,164,102,-1,92.75,90.50
Saccade B,1,133,979097717,979164337,66620,1434.89,452.98,1728.25,467.86,24.03,407.41,0.50,360.66,5362.01,2997.81,4179.91
Saccade B,1,134,979230712,979297363,66651,900.56,655.48,1495.11,475.45,54.31,857.64,0.50,814.90,48448.88,18456.52,33452.70
Saccade B,1,135,979330596,979397094,66498,1187.56,416.16,1103.35,419.76,7.03,116.69,0.50,105.66,14950.57,4298.94,9624.75
Fixation B,1,117,979397094,979463714,66620,987.88,424.04,65,6,-1,120.00,101.50
Saccade B,1,136,979463714,979563476,99762,908.95,407.86,818.78,354.80,7.22,100.64,0.50,72.35,1804.51,1134.31,1419.25
Fixation B,1,118,979563476,979696624,133148,767.76,330.61,56,29,-1,126.75,91.00
Saccade B,1,137,979696624,979763214,66590,734.07,318.74,786.11,505.87,9.27,269.64,0.50,139.18,8056.01,830.14,4443.08
Fixation B,1,119,979763214,979862976,99762,761.18,515.48,19,14,-1,129.33,111.33
Saccade B,1,138,979862976,979929595,66619,728.54,485.42,664.34,358.41,8.00,195.95,0.50,120.15,4623.59,804.45,2714.02
Fixation B,1,120,979929595,980029357,99762,618.35,325.22,41,18,-1,129.67,91.67
Saccade B,1,139,980029357,980095977,66620,577.98,303.88,538.07,275.68,3.92,67.78,0.50,58.91,1841.53,929.45,1385.49
Saccade B,1,140,980129211,980195709,66498,491.58,302.72,446.44,317.66,3.52,65.94,0.50,52.90,846.96,159.47,503.22
Fixation B,1,121,980195709,980362121,166412,428.79,335.83,49,14,-1,123.40,96.20
Saccade B,1,141,980362121,980461975,99854,372.94,324.91,280.25,311.36,5.78,89.96,0.50,57.85,1647.38,487.71,919.59
Fixation B,1,122,980461975,980561859,99884,272.13,321.04,8,16,-1,121.33,95.67
Saccade B,1,142,980561859,980628479,66620,259.03,344.45,282.61,358.50,2.19,38.06,0.50,32.85,1509.24,747.65,1128.44
Saccade B,1,143,980661590,980761505,99915,298.39,374.54,338.37,381.82,9.46,157.75,0.50,94.63,7897.83,244.62,4127.47
Fixation B,1,123,980761505,980994354,232849,426.14,386.84,108,10,-1,125.14,102.57
Saccade B,1,144,980994354,981060974,66620,486.93,379.15,510.37,375.90,1.52,32.82,0.50,22.79,615.02,242.48,428.75
Fixation B,1,124,981060974,981426971,365997,603.35,428.49,117,95,-1,132.73,107.55
Saccade B,1,145,981426971,981493469,66498,652.95,469.02,622.41,449.04,2.08,50.39,0.50,31.24,1870.76,237.89,1054.33
Fixation B,1,125,981493469,981659851,166382,648.09,455.15,50,25,-1,137.40,110.40
Saccade B,1,146,981659851,981826202,166351,687.57,480.74,685.30,518.45,4.05,26.06,0.50,24.34,2016.42,115.61,767.95
Fixation B,1,126,981826202,982025970,199768,694.49,528.12,15,22,-1,134.50,116.17
Saccade B,1,147,982025970,982092559,66589,685.95,545.43,608.95,542.26,4.30,106.89,0.50,64.64,2623.57,686.91,1655.24
Fixation B,1,127,982092559,982225585,133026,604.78,535.49,8,7,-1,137.75,116.25
Saccade B,1,148,982225585,982292083,66498,597.35,537.87,515.19,508.76,4.16,120.45,0.50,62.60,3534.68,119.43,1827.06
Fixation B,1,128,982292083,982491729,199646,506.08,498.89,59,8,-1,128.83,114.17
Saccade B,1,149,982491729,982558349,66620,504.89,496.52,363.50,438.01,8.58,211.46,0.50,128.79,4974.72,1908.35,3441.54
Fixation B,1,129,982558349,982658081,99732,373.38,449.26,59,23,-1,116.33,105.67
Saccade B,1,150,982658081,982724700,66619,427.71,465.81,272.97,410.22,8.64,227.01,0.50,129.66,7745.19,767.28,4256.24
Blink B,1,23,982724700,983423461,698761
Fixation B,1,130,983423461,983490112,66651,253.76,842.48,114,10,-1,119.50,124.50
Blink B,1,24,983490112,984454986,964874
Fixation B,1,131,984488494,984721221,232727,822.99,532.88,171,349,-1,123.43,106.86
Saccade B,1,151,984721221,984787719,66498,797.97,365.74,765.39,277.34,8.10,130.67,0.50,121.77,4079.55,3095.05,3587.30
Fixation B,1,132,984787719,984854339,66620,721.94,252.66,27,9,-1,128.00,84.00
Saccade B,1,152,984854339,984920837,66498,677.85,246.35,627.00,191.95,4.83,103.19,0.50,72.58,2358.98,335.41,1347.19
Fixation B,1,133,984920837,985187103,266266,514.64,258.07,185,143,-1,126.75,85.88
Saccade B,1,153,985187103,985286987,99884,411.12,370.63,387.78,439.73,5.07,58.53,0.50,50.77,705.56,216.53,399.54
Fixation B,1,134,985286987,985419982,132995,401.89,478.06,28,25,-1,122.50,110.75
Saccade B,1,154,985419982,985486602,66620,439.84,483.67,473.86,470.91,2.72,50.21,0.50,40.78,628.02,486.55,557.29
Fixation B,1,135,985486602,985553100,66498,528.50,449.14,43,14,-1,127.50,107.00
Saccade B,1,155,985553100,985619720,66620,586.19,430.47,639.70,414.91,4.32,77.29,0.50,64.84,750.29,332.76,541.53
Fixation B,1,136,985619720,985819335,199615,702.38,434.02,136,31,-1,128.50,104.00
Saccade B,1,156,985819335,985885864,66529,802.70,429.82,886.28,387.52,5.45,129.68,0.50,81.85,3024.14,359.45,1691.80
Fixation B,1,137,985885864,986152099,266235,909.74,380.67,38,6,-1,121.75,99.00
Saccade B,1,157,986152099,986251831,99732,892.53,396.41,918.25,440.43,2.99,44.81,0.50,30.00,914.75,428.11,695.89
Fixation B,1,138,986251831,986584716,332885,854.02,513.41,115,86,-1,123.40,114.60
Saccade B,1,158,986584716,986651214,66498,832.68,564.66,914.75,612.86,6.51,131.89,0.50,97.96,2464.92,2066.84,2265.88
Fixation B,1,139,986651214,986850830,199616,849.86,588.47,119,50,-1,125.00,121.67
Saccade B,1,159,986850830,986917480,66650,754.61,564.79,711.34,642.41,5.40,123.14,0.50,81.00,3175.65,661.40,1918.52
Fixation B,1,140,986917480,986983978,66498,669.65,582.47,31,9,-1,132.50,120.50
Saccade B,1,160,986983978,987050445,66467,640.76,593.96,758.26,571.14,6.19,165.86,0.50,93.16,5581.75,766.84,3174.30
Fixation B,1,141,987050445,987150360,99915,722.80,570.73,33,5,-1,129.33,115.67
Saccade B,1,161,987150360,987250305,99945,689.91,568.49,825.11,553.29,13.89,259.21,0.50,138.95,11058.49,105.84,5072.68
Fixation B,1,142,987250305,987616424,366119,736.85,567.28,128,36,-1,131.73,117.82
Saccade B,1,162,987616424,987682708,66284,674.72,562.51,735.71,639.51,4.92,136.99,0.50,74.28,4479.35,312.97,2396.16
Fixation B,1,143,987682708,987915710,233002,797.27,644.50,22,85,-1,133.71,124.86
Saccade B,1,163,987915710,987982208,66498,816.49,595.45,834.49,598.38,1.33,25.27,0.50,19.94,723.66,155.85,439.75
Fixation B,1,144,987982208,988048828,66620,835.27,585.75,9,8,-1,127.00,122.00
Saccade B,1,164,988048828,988115356,66528,881.44,664.18,993.41,850.11,13.91,300.75,0.50,209.10,5513.67,3027.84,4270.75
Fixation B,1,145,988115356,988314971,199615,936.96,813.27,109,61,-1,135.67,118.17
Blink B,1,25,988314971,988847351,532380
Fixation B,1,146,988880737,989246704,365967,692.93,674.92,75,64,-1,122.33,118.00
Saccade B,1,165,989246704,989346466,99762,730.98,653.08,753.62,638.20,2.24,26.01,0.50,22.40,883.61,170.66,415.06
Fixation B,1,147,989346466,989612762,266296,772.52,621.91,29,6,-1,123.25,117.13
Saccade B,1,166,989612762,989679351,66589,848.26,591.63,769.73,625.31,7.34,118.63,0.50,110.21,6637.04,3136.97,4887.00
Fixation B,1,148,989679351,989812438,133087,740.43,644.63,43,23,-1,125.75,117.50
Saccade B,1,167,989812438,989878967,66529,807.02,652.80,1053.70,576.96,15.98,357.61,0.50,240.13,7229.88,4602.62,5916.25
Blink B,1,26,989912384,990378082,465698
Fixation B,1,149,990444763,990610961,166198,1026.78,359.08,306,91,-1,123.40,96.60
Saccade B,1,168,990610961,990710845,99884,827.87,329.29,698.22,316.78,8.61,130.12,0.50,86.18,2423.51,135.54,1369.42
Fixation B,1,150,990710845,990910461,199616,640.58,343.61,47,48,-1,133.17,94.33
Saccade B,1,169,990910461,990976959,66498,596.10,378.65,446.39,365.70,8.44,208.23,0.50,126.89,4959.34,1607.48,3283.41
Fixation B,1,151,990976959,991076843,99884,517.70,376.19,99,19,-1,127.67,96.33
Saccade B,1,170,991076843,991143463,66620,543.31,371.09,298.43,363.73,12.74,339.48,0.50,191.17,9091.01,3691.90,6391.45
Fixation B,1,152,991143463,991209960,66497,220.90,361.12,75,1,-1,110.50,93.00
Saccade B,1,171,991209960,991476379,266419,285.53,360.93,59.19,449.75,39.60,185.70,0.50,148.62,11562.32,821.70,6421.48
Saccade B,1,172,991542724,991808959,266235,213.26,459.46,448.68,513.88,44.16,340.55,0.50,165.87,14974.52,516.18,5543.05
Fixation B,1,153,991842224,991975341,133117,610.53,516.45,167,12,-1,130.00,113.25
Blink B,1,27,991975341,992274719,299378
Blink B,1,28,992308105,992607452,299347
Fixation B,1,154,992607452,992707366,99914,827.76,645.77,120,66,-1,122.67,110.00
Blink B,1,29,992740631,993040100,299469
Fixation B,1,155,993073333,993206481,133148,967.90,1001.10,63,102,-1,136.75,88.75
Saccade B,1,173,993206481,993273101,66620,947.41,836.82,886.98,941.11,10.35,167.17,0.50,155.40,9151.49,3259.13,6205.31
Fixation B,1,156,993273101,993372863,99762,886.55,930.29,27,47,-1,118.00,71.00
Saccade B,1,174,993372863,993605834,232971,883.34,943.95,831.44,922.21,638.34,2110.99,0.50,2740.01,331761.91,1469.22,132506.18
Fixation B,1,157,994570831,994737243,166412,587.03,513.46,62,11,-1,135.60,111.80
Saccade B,1,175,994737243,994836975,99732,628.70,526.85,446.91,519.54,9.34,257.80,0.50,93.62,8094.29,478.71,5513.92
Fixation B,1,158,994836975,995003356,166381,461.48,530.30,26,7,-1,132.80,121.60
Saccade B,1,176,995003356,995136505,133149,475.33,543.09,226.17,538.44,11.21,17.49,0.50,84.22,6262.87,142.71,1756.96
Fixation B,1,159,995136505,995535705,399200,341.25,547.36,213,16,-1,124.83,119.67
Saccade B,1,177,995535705,995635589,99884,457.48,546.19,209.04,611.32,13.80,372.11,0.50,138.18,11672.74,302.40,4121.14
Blink B,1,30,995635589,996201446,565857
Fixation B,1,160,996234588,996866851,632263,566.65,620.47,309,89,-1,134.11,122.26
Saccade B,1,178,996866851,996933441,66590,661.52,603.04,665.50,719.59,5.89,161.74,0.50,88.38,5184.82,487.10,2835.96
Fixation B,1,161,996933441,997033203,99762,695.28,657.35,25,40,-1,132.67,113.33
Saccade B,1,179,997033203,997099731,66528,723.35,606.00,687.01,654.79,5.10,84.30,0.50,76.64,4548.03,2566.71,3557.37
Fixation B,1,162,997099731,997166229,66498,653.31,663.87,12,13,-1,132.00,113.00
Saccade B,1,180,997166229,997232849,66620,657.04,619.13,643.16,668.54,4.18,70.92,0.50,62.70,3759.33,1383.35,2571.34
Fixation B,1,163,997232849,997465728,232879,654.45,618.39,11,18,-1,133.29,111.71
Saccade B,1,181,997465728,997532531,66803,651.17,611.39,687.08,569.91,2.60,75.74,0.50,38.98,2299.81,319.68,1309.74
Fixation B,1,164,997532531,997665466,132935,689.16,589.79,18,13,-1,139.00,106.75
Saccade B,1,182,997665466,997765228,99762,684.59,570.11,675.64,577.63,1.84,26.80,0.50,18.47,1295.98,282.83,905.86
Fixation B,1,165,997765228,997898376,133148,671.58,580.92,6,15,-1,142.75,109.00
Saccade B,1,183,997898376,997964843,66467,646.51,566.34,623.58,578.91,2.35,36.28,0.50,35.33,1082.57,1029.30,1055.93
Fixation B,1,166,997964843,998064727,99884,619.01,545.47,2,28,-1,140.33,111.00
Blink B,1,31,998064727,998364410,299683
Fixation B,1,167,998364410,998563842,199432,662.08,488.33,12,17,-1,129.83,106.33
Saccade B,1,184,998563842,998630462,66620,670.98,479.92,670.55,487.06,0.47,9.92,0.50,7.03,350.08,44.76,197.42
Fixation B,1,168,998630462,998796844,166382,674.35,486.38,2,2,-1,129.40,106.60
Saccade B,1,185,998796844,998896697,99853,674.12,492.27,676.33,498.98,0.87,13.28,0.50,8.76,542.34,218.97,373.72
Fixation B,1,169,998896697,999262603,365906,682.39,499.35,9,12,-1,122.73,103.18
Saccade B,1,186,999262603,999329223,66620,679.77,470.42,655.82,413.72,4.06,85.06,0.50,60.89,1514.11,980.48,1247.29
Fixation B,1,170,999329223,999528839,199616,625.44,345.31,43,83,-1,122.00,86.17
Saccade B,1,187,999528839,999595336,66497,610.73,332.91,602.18,347.48,1.07,23.42,0.50,16.10,453.38,137.35,295.36
Saccade B,1,188,999628723,999695220,66497,578.55,372.84,697.85,507.40,9.22,249.18,0.50,138.65,7594.23,354.12,3974.17
Blink B,1,32,999761718,1000127838,366120
Fixation B,1,171,1000161102,1000261047,99945,1010.51,540.17,64,4,-1,105.67,100.33
Blink B,1,33,1000261047,1000560485,299438
Saccade B,1,189,1000593719,1000660430,66711,434.72,644.75,297.14,692.11,12.08,201.63,0.50,181.15,9799.26,1657.29,5728.28
Fixation B,1,172,1000660430,1000859832,199402,506.75,610.57,219,97,-1,125.67,112.67
Saccade B,1,190,1000859832,1000926483,66651,617.92,556.35,634.36,521.35,2.78,53.59,0.50,41.65,1080.90,370.51,725.70
Fixation B,1,173,1000926483,1000992980,66497,637.86,525.37,10,1,-1,130.50,110.00
Saccade B,1,191,1000992980,1001059478,66498,651.02,526.51,646.77,549.67,1.45,32.66,0.50,21.87,1016.30,197.18,606.74
Fixation B,1,174,1001059478,1001126098,66620,643.23,564.96,2,5,-1,132.00,111.50
Saccade B,1,192,1001126098,1001192626,66528,636.52,584.26,491.72,557.24,7.59,204.30,0.50,114.07,6088.74,448.59,3268.66
Fixation B,1,175,1001192626,1001259216,66590,487.40,552.85,4,2,-1,122.00,110.50
Saccade B,1,193,1001259216,1001325744,66528,499.39,551.49,509.97,543.03,1.07,18.72,0.50,16.09,351.22,244.00,297.61
Fixation B,1,176,1001325744,1001658477,332733,535.42,547.50,27,15,-1,125.40,107.70
Saccade B,1,194,1001658477,1001758361,99884,525.88,541.16,469.47,458.62,5.25,72.24,0.50,52.58,2053.68,607.91,1127.18
Fixation B,1,177,1001758361,1001957977,199616,481.15,453.21,18,4,-1,104.33,90.67
Saccade B,1,195,1001957977,1002024566,66589,496.85,456.49,509.65,456.22,0.90,17.75,0.50,13.55,272.00,144.55,208.27
Saccade B,1,196,1002057861,1002124481,66620,517.14,464.27,581.57,576.79,6.24,179.83,0.50,93.70,5248.59,432.87,2840.73
Fixation B,1,178,1002124481,1002290710,166229,593.61,630.41,23,24,-1,111.20,98.80
Saccade B,1,197,1002290710,1002390624,99914,569.94,616.12,581.85,578.73,3.07,60.25,0.50,30.75,2097.35,162.23,810.53
Fixation B,1,179,1002390624,1002590240,199616,578.50,539.08,25,10,-1,114.83,96.67
Saccade B,1,198,1002590240,1002656829,66589,566.84,540.68,473.05,534.78,4.49,130.35,0.50,67.38,3874.78,176.44,2025.61
Fixation B,1,180,1002656829,1003056091,399262,486.28,538.49,67,29,-1,109.77,97.15
Saccade B,1,199,1003056091,1003122589,66498,524.08,557.59,540.93,554.62,1.44,23.70,0.50,21.59,548.22,392.94,470.58
Fixation B,1,181,1003122589,1003288970,166381,562.38,559.77,24,7,-1,112.80,96.00
Saccade B,1,200,1003288970,1003355590,66620,579.50,562.18,583.22,553.54,0.79,13.05,0.50,11.89,462.08,302.91,382.49
Fixation B,1,182,1003355590,1003422119,66529,588.70,554.91,2,3,-1,114.00,97.00
Saccade B,1,201,1003422119,1003488708,66589,594.34,553.23,597.83,560.26,0.57,10.88,0.50,8.57,291.45,180.99,236.22
Fixation B,1,183,1003488708,1003555236,66528,605.77,561.54,5,3,-1,115.50,95.00
Saccade B,1,202,1003555236,1003621734,66498,612.17,567.93,614.72,579.33,0.81,16.20,0.50,12.14,291.46,77.94,184.70
Fixation B,1,184,1003621734,1003821350,199616,598.00,568.52,50,20,-1,116.33,98.00
Blink B,1,34,1003887969,1004453735,565766
Saccade B,1,203,1004486968,1004553466,66498,930.29,600.10,1259.53,650.60,21.95,459.01,0.50,330.06,19732.23,1439.65,10585.94
Saccade B,1,204,1004586730,1004653228,66498,1187.49,607.19,1052.51,522.36,10.45,221.11,0.50,157.20,6366.62,5573.21,5969.92
Fixation B,1,185,1004653228,1004786346,133118,981.05,514.28,63,17,-1,114.50,103.75
Blink B,1,35,1004819580,1005285461,465881
Saccade B,1,205,1005318847,1005385345,66498,514.37,620.08,374.32,662.07,11.40,202.61,0.50,171.36,2984.13,2247.27,2615.70
Fixation B,1,186,1005385345,1005485229,99884,250.10,685.68,67,57,-1,118.00,126.00
Saccade B,1,206,1005485229,1005551727,66498,285.78,722.92,384.34,698.32,7.80,140.89,0.50,117.24,4561.90,1660.16,3111.03
Fixation B,1,187,1005551727,1005618225,66498,506.22,664.06,60,5,-1,124.50,116.50
Blink B,1,36,1005618225,1005718170,99945
Fixation B,1,188,1005718170,1005951080,232910,710.32,728.28,98,68,-1,128.29,114.86
Saccade B,1,207,1005951080,1006117340,166260,760.70,728.88,727.67,560.48,10.02,32.59,0.50,60.27,5383.20,344.28,1731.70
Fixation B,1,189,1006117340,1006283843,166503,713.00,555.61,27,7,-1,133.00,116.40
Saccade B,1,208,1006283843,1006350341,66498,681.13,547.51,657.09,537.42,2.12,36.12,0.50,31.94,624.80,251.75,438.27
Fixation B,1,190,1006350341,1006450225,99884,646.89,537.76,23,6,-1,137.67,117.33
Blink B,1,37,1006483459,1007415100,931641
Fixation B,1,191,1007415100,1007481719,66619,665.50,429.15,19,45,-1,136.50,105.50
Saccade B,1,209,1007481719,1007548339,66620,682.05,472.18,598.93,422.32,5.47,134.32,0.50,82.12,4759.71,1148.59,2954.15
Fixation B,1,192,1007548339,1007614837,66498,605.43,435.28,11,3,-1,136.50,108.00
Saccade B,1,210,1007614837,1007681365,66528,617.28,442.54,647.60,424.84,1.99,48.66,0.50,29.96,1394.99,237.97,816.48
Fixation B,1,193,1007681365,1007947601,266236,683.32,433.71,62,21,-1,137.13,107.88
Saccade B,1,211,1007947601,1008014099,66498,728.29,430.37,742.39,424.54,1.26,21.14,0.50,18.94,189.68,143.96,166.82
Fixation B,1,194,1008014099,1008247100,233001,776.19,398.55,50,34,-1,132.43,101.86
Saccade B,1,212,1008247100,1008346862,99762,804.02,380.84,766.75,369.57,2.07,47.52,0.50,20.74,1618.94,67.98,975.91
Fixation B,1,195,1008346862,1008446716,99854,778.96,371.19,8,4,-1,129.00,99.33
Saccade B,1,213,1008446716,1008513214,66498,788.10,379.27,798.15,382.38,0.85,14.57,0.50,12.76,233.75,188.47,211.11
Fixation B,1,196,1008513214,1008579833,66619,801.62,387.61,9,3,-1,130.00,102.00
Saccade B,1,214,1008579833,1008646362,66529,763.99,394.44,489.20,425.51,14.70,383.20,0.50,220.98,9753.43,2128.88,5941.15
Fixation B,1,197,1008646362,1008746307,99945,454.19,436.32,59,6,-1,126.00,106.67
Blink B,1,38,1008746307,1009112365,366058
Fixation B,1,198,1009145477,1009378356,232879,342.62,519.31,82,9,-1,119.86,113.00
Saccade B,1,215,1009444976,1009511505,66529,663.20,536.15,966.13,557.33,26.52,420.81,0.50,398.59,11021.30,1357.38,6189.34
Fixation B,1,199,1009511505,1009611358,99853,962.70,557.97,25,8,-1,111.67,108.67
Saccade B,1,216,1009611358,1009711242,99884,926.86,552.14,874.39,550.54,3.69,42.93,0.50,36.91,849.44,319.61,634.73
Fixation B,1,200,1009711242,1009810974,99732,826.73,552.03,40,5,-1,116.00,105.00
Saccade B,1,217,1009844451,1009944396,99945,770.64,551.39,919.42,1239.96,33.12,596.17,0.50,331.39,11678.44,496.27,6288.33
Saccade B,1,218,1010543090,1010609588,66498,17927.29,11656.01,-72488.83,-26118.36,5383.73,135283.56,0.50,80960.77,4838475.87,861487.19,2849981.53
Saccade B,1,219,1010909088,1011108734,199646,303.48,870.29,1008.14,851.68,136.79,1522.33,0.50,685.16,61085.56,21420.63,41321.78
Fixation B,1,201,1011341644,1011408111,66467,383.13,332.30,76,225,-1,84.00,67.00
Saccade B,1,220,1011474639,1011541290,66651,710.37,757.38,1114.93,1133.79,42.72,762.90,0.50,640.98,13729.81,7303.58,10516.69
Saccade B,1,221,1011874267,1011940582,66315,881.30,1435.76,120.42,985.69,74.48,1230.61,0.50,1123.17,62485.71,22410.40,42448.05
Saccade B,1,222,1012073608,1012140106,66498,810.04,1407.73,-984.40,3118.30,114.67,3435.32,0.50,1724.47,102922.00,334.29,51628.14
Saccade B,1,223,1012173583,1012306640,133057,769.91,1395.45,629.02,156.10,208.61,4656.33,0.50,1567.81,139658.69,91545.34,113360.66
Saccade B,1,224,1012339874,1012406341,66467,952.46,696.03,455.60,1098.97,58.52,888.07,0.50,880.50,34756.12,25141.07,29948.60
Fixation B,1,202,1012406341,1012472839,66498,711.07,795.40,0,10,-1,22.00,15.00
Saccade B,1,225,1012472839,1012605957,133118,736.24,712.09,659.83,121.21,233.07,3615.99,0.50,1750.89,199595.17,2981.57,78845.85
Fixation B,1,203,1012605957,1012705810,99853,747.35,748.54,30,109,-1,23.00,16.00
Saccade B,1,226,1012739074,1012838958,99884,758.87,721.92,732.24,1354.85,41.01,661.08,0.50,410.59,25567.97,197.22,14270.48
Fixation B,1,204,1013038604,1013171722,133118,692.67,505.98,165,18,-1,131.75,102.50
Saccade B,1,227,1013171722,1013238220,66498,664.30,508.17,346.02,526.80,19.96,442.19,0.50,300.23,8591.03,7176.80,7883.91
Fixation B,1,205,1013238220,1013304840,66620,298.78,522.83,44,0,-1,119.50,108.50
Saccade B,1,228,1013304840,1013371337,66497,376.09,526.79,368.94,599.07,5.89,100.65,0.50,88.61,3855.95,480.29,2168.12
Blink B,1,39,1013404571,1013803955,399384
Fixation B,1,206,1013837219,1014003906,166687,548.36,567.37,98,8,-1,128.80,114.40
Saccade B,1,229,1014003906,1014103515,99609,518.72,573.98,363.30,597.87,12.14,237.30,0.50,121.87,7688.16,3895.38,5316.84
Fixation B,1,207,1014103515,1014303253,199738,418.64,580.73,54,8,-1,119.83,112.17
Saccade B,1,230,1014303253,1014369628,66375,579.04,628.30,914.85,711.96,22.46,479.12,0.50,338.32,8517.15,5579.41,7048.28
Fixation B,1,208,1014369628,1014502777,133149,971.99,714.35,5,3,-1,114.75,109.00
Saccade B,1,231,1014502777,1014569244,66467,972.52,711.93,976.50,719.09,0.51,11.35,0.50,7.61,433.29,184.32,308.80
Saccade B,1,232,1014635894,1014702392,66498,953.34,707.98,625.50,623.20,16.41,469.65,0.50,246.83,13507.73,523.07,7015.40
Fixation B,1,209,1014702392,1014902008,199616,462.45,594.92,49,21,-1,117.17,107.17
Saccade B,1,233,1014902008,1015001983,99975,466.22,582.32,425.88,571.58,4.20,75.30,0.50,42.01,2820.55,1289.93,1824.81
Fixation B,1,210,1015001983,1015235046,233063,463.63,558.13,35,11,-1,116.29,106.29
Saccade B,1,234,1015235046,1015301727,66681,470.40,554.40,456.74,555.18,0.89,18.75,0.50,13.32,324.16,271.77,297.97
Fixation B,1,211,1015301727,1015468017,166290,464.46,549.84,10,4,-1,113.00,101.80
Saccade B,1,235,1015468017,1015534484,66467,470.32,552.22,476.58,547.69,0.57,10.71,0.50,8.52,458.14,236.26,347.20
Fixation B,1,212,1015534484,1015600982,66498,477.84,552.73,1,1,-1,113.00,102.00
Blink B,1,40,1015600982,1015933746,332764
Fixation B,1,213,1015933746,1016199859,266113,506.55,544.28,5,7,-1,114.63,101.63
Saccade B,1,236,1016199859,1016266510,66651,530.50,562.55,638.31,673.46,8.34,213.74,0.50,125.16,5326.69,1082.03,3204.36
Blink B,1,41,1016266510,1016599243,332733
Fixation B,1,214,1016632568,1017031738,399170,540.46,576.44,40,57,-1,120.67,106.42
Saccade B,1,237,1017031738,1017098297,66559,613.77,632.80,694.80,720.96,9.74,165.62,0.50,146.36,3935.54,1454.85,2695.19
