Blink B,1,1,1451169250,1452134368,965118
Fixation B,1,1,1452134368,1452234100,99732,701.51,560.37,53,17,-1,127.33,111.67
Saccade B,1,1,1452234100,1452300811,66711,680.13,624.50,692.89,715.19,8.27,126.33,0.50,123.94,4588.47,2670.82,3629.64
Fixation B,1,2,1452300811,1452367218,66407,707.60,720.35,19,1,-1,125.50,113.00
Blink B,1,2,1452367218,1452733215,365997
Fixation B,1,3,1452733215,1452899627,166412,441.38,574.90,60,20,-1,125.40,116.20
Saccade B,1,2,1452899627,1452966217,66590,487.87,560.50,497.89,645.86,4.58,119.32,0.50,68.83,3724.87,111.63,1918.25
Fixation B,1,4,1452999603,1453199127,199524,493.48,657.14,8,2,-1,134.00,123.50
Saccade B,1,3,1453664978,1453731475,66497,-25766.06,-22176.70,2665.51,4173.62,3381.15,53519.61,0.50,50846.73,3045529.90,1438660.21,2242095.06
Saccade B,1,4,1453964599,1454031249,66650,664.82,784.78,2507.40,2769.46,125.47,3759.56,0.50,1882.52,113171.90,15642.17,64407.03
Saccade B,1,5,1454064239,1454197448,133209,-442.29,3679.08,732.21,848.40,333.01,5500.68,0.50,2499.94,248099.62,43958.66,134088.20
Saccade B,1,6,1454230468,1454297302,66834,7227.10,11621.72,-299.82,444.74,1206.80,18553.07,0.50,18056.72,1078382.98,533885.64,806134.31
Saccade B,1,7,1454330444,1454396972,66528,18411.17,29013.65,-757.78,-1301.37,3218.70,49838.70,0.50,48381.19,2916983.60,1398853.53,2157918.56
Fixation B,1,5,1454862701,1454929321,66620,-765.11,-1343.85,6,4,-1,11.00,8.50
Saccade B,1,8,1454962554,1455029083,66529,-742.57,-1315.79,92.38,184.02,80.50,2376.40,0.50,1210.01,70090.86,971.26,35531.06
Saccade B,1,9,1455162200,1455295379,133179,-755.32,-1354.44,0.00,0.00,199.53,2410.62,0.50,1498.22,144144.79,63363.01,100933.68
Saccade B,1,10,1455561584,1455827697,266113,-48.18,-101.49,-624.97,-1076.27,219.01,1833.67,0.50,822.98,56269.61,642.44,36570.41
Fixation B,1,6,1455827697,1456027313,199616,-637.87,-1103.27,18,36,-1,0.00,0.00
Saccade B,1,11,1456027313,1456094146,66833,-643.73,-1112.64,-637.33,-1104.37,0.48,14.44,0.50,7.22,432.38,88.49,260.44
Fixation B,1,7,1456094146,1456160614,66468,-633.16,-1097.22,8,14,-1,0.00,0.00
Saccade B,1,12,1456160614,1456227111,66497,-625.74,-1097.11,-614.86,-1060.62,2.12,53.01,0.50,31.88,1856.53,914.08,1385.31
Fixation B,1,8,1456227111,1456360107,132996,-617.86,-1084.34,20,29,-1,0.00,0.00
Saccade B,1,13,1456360107,1456426696,66589,-615.26,-1083.95,-603.56,-1064.51,1.98,31.35,0.50,29.71,1237.27,125.88,681.57
Fixation B,1,9,1456426696,1456493347,66651,-606.56,-1067.50,6,7,-1,0.00,0.00
Saccade B,1,14,1456493347,1456626403,133056,-595.80,-1051.52,0.00,0.00,190.21,71.61,0.50,1429.55,212242.23,218.68,69184.14
Fixation B,1,10,1456759582,1456825988,66406,1024.82,1664.34,82,8,-1,31.00,22.50
Fixation B,1,11,1457125488,1457225372,99884,1143.38,399.67,72,208,-1,111.00,94.00
Saccade B,1,15,1457291931,1457358489,66558,950.83,288.60,636.24,394.37,26.04,459.90,0.50,391.19,10716.56,7911.83,9314.20
Fixation B,1,12,1457358489,1457458312,99823,379.42,802.77,105,418,-1,124.67,119.00
Saccade B,1,16,1457458312,1457558227,99915,383.22,1067.09,533.08,1433.79,21.93,475.50,0.50,219.47,12140.35,1832.15,6788.12
Fixation B,1,13,1457558227,1457691375,133148,635.73,1570.69,88,36,-1,50.75,35.75
Saccade B,1,17,1457691375,1457757873,66498,698.05,1559.32,691.87,1602.10,3.51,59.84,0.50,52.76,3098.86,1790.78,2444.82
Fixation B,1,14,1461085357,1461285125,199768,671.74,322.47,18,152,-1,124.17,85.17
Saccade B,1,18,1461285125,1461351593,66468,678.96,434.34,554.19,482.55,7.32,185.53,0.50,110.11,5483.37,415.87,2949.62
Fixation B,1,15,1461351593,1461451477,99884,543.68,526.65,12,26,-1,133.33,115.00
Saccade B,1,19,1461451477,1461551239,99762,563.76,535.09,503.90,591.23,4.75,116.08,0.50,47.58,3799.25,469.70,2615.17
Fixation B,1,16,1461551239,1461850708,299469,524.99,603.18,29,20,-1,128.22,112.67
Saccade B,1,20,1461850708,1461950592,99884,545.36,604.79,551.89,599.56,0.53,10.41,0.50,5.34,278.07,189.86,232.78
Fixation B,1,17,1461950592,1462117095,166503,563.07,592.33,6,6,-1,124.00,107.00
Saccade B,1,21,1462117095,1462183471,66376,565.17,588.52,475.30,598.19,4.20,125.36,0.50,63.35,3789.33,49.83,1919.58
Fixation B,1,18,1462183471,1462316650,133179,512.66,565.18,10,8,-1,117.00,102.50
Saccade B,1,22,1462316650,1462416564,99914,518.68,558.36,555.46,525.76,2.39,45.12,0.50,23.92,1277.39,97.53,683.52
Fixation B,1,19,1462416564,1462582855,166291,567.80,514.29,13,10,-1,121.80,98.20
Saccade B,1,23,1462582855,1462649353,66498,573.51,509.47,578.29,499.11,0.55,15.82,0.50,8.26,491.79,186.87,339.33
Fixation B,1,20,1462649353,1462715850,66497,579.60,499.21,2,0,-1,119.50,95.00
Saccade B,1,24,1462715850,1462815704,99854,573.69,502.20,562.55,450.58,2.87,67.37,0.50,28.74,2117.60,409.13,1468.13
Fixation B,1,21,1462815704,1462982086,166382,568.73,435.88,5,9,-1,116.80,89.60
Saccade B,1,25,1462982086,1463048736,66650,569.54,433.69,529.51,405.28,2.35,68.02,0.50,35.26,2063.24,212.04,1137.64
Fixation B,1,22,1463048736,1463181732,132996,520.57,393.35,6,8,-1,112.00,83.25
Saccade B,1,26,1463181732,1463248535,66803,518.23,385.73,510.53,379.02,0.66,14.11,0.50,9.91,408.87,239.41,324.14
Fixation B,1,23,1463248535,1463547851,299316,510.04,366.18,8,16,-1,107.00,77.78
Blink B,1,3,1463547851,1463847229,299378
Fixation B,1,24,1463847229,1463913848,66619,603.40,346.04,1,0,-1,105.00,73.50
Saccade B,1,27,1463913848,1463980468,66620,607.70,344.55,643.62,351.73,1.95,50.80,0.50,29.23,1338.65,309.60,824.13
Blink B,1,4,1463980468,1464912109,931641
Fixation B,1,25,1464912109,1465011993,99884,588.67,347.99,2,1,-1,120.00,85.67
Saccade B,1,28,1465011993,1465078491,66498,582.70,349.23,529.44,359.85,2.86,75.32,0.50,42.96,1947.26,410.14,1178.70
Fixation B,1,26,1465078491,1465444641,366150,527.99,352.86,9,10,-1,120.33,86.83
Saccade B,1,29,1465444641,1465511108,66467,524.81,350.49,518.03,347.55,0.45,10.29,0.50,6.82,252.40,85.37,168.89
Fixation B,1,27,1465511108,1466342987,831879,526.16,334.54,21,15,-1,110.27,78.96
Saccade B,1,30,1466342987,1466442718,99731,534.33,336.03,525.94,338.17,0.83,16.10,0.50,8.32,609.08,156.49,343.65
Saccade B,1,31,1466476104,1466542572,66468,536.72,333.69,528.72,336.06,0.53,11.57,0.50,8.02,480.63,245.25,362.94
Fixation B,1,28,1466575836,1466742218,166382,536.00,330.61,5,2,-1,113.60,79.80
Blink B,1,5,1466742218,1467074951,332733
Fixation B,1,29,1467074951,1467674224,599273,550.32,330.90,16,10,-1,116.79,83.32
Saccade B,1,32,1467674224,1467774017,99793,552.94,327.45,553.35,595.63,12.58,326.42,0.50,126.09,8455.87,310.77,3383.20
Fixation B,1,30,1467774017,1467840728,66711,584.66,671.59,4,5,-1,120.00,109.00
Saccade B,1,33,1467840728,1467907073,66345,644.36,834.46,712.71,1162.80,23.53,468.17,0.50,354.73,7362.60,6992.80,7177.70
Fixation B,1,31,1467907073,1467973571,66498,733.48,1195.42,2,23,-1,122.50,104.50
Saccade B,1,34,1467973571,1468039978,66407,801.56,1277.50,853.68,1557.86,18.56,396.61,0.50,279.56,7853.67,5772.91,6813.29
Saccade B,1,35,1468372833,1468439361,66528,-607.02,-1143.25,879.66,1760.23,152.45,4536.72,0.50,2291.59,135516.44,56512.42,96014.43
Saccade B,1,36,1468472686,1468605712,133026,-582.17,-1119.48,843.83,1771.21,274.59,4710.15,0.50,2064.20,213442.59,84506.12,143305.51
Fixation B,1,32,1469404449,1469537353,132904,525.50,346.66,11,12,-1,132.25,95.75
Saccade B,1,37,1469537353,1469637237,99884,528.01,335.75,509.98,327.34,2.01,30.19,0.50,20.12,1078.72,880.66,989.23
Fixation B,1,33,1469637237,1469737091,99854,504.58,334.56,2,2,-1,129.00,94.67
Saccade B,1,38,1469737091,1469836822,99731,506.01,334.37,520.66,323.92,0.90,13.45,0.50,9.02,380.27,66.61,206.89
Fixation B,1,34,1469836822,1470535736,698914,525.11,302.91,12,20,-1,114.14,77.76
Saccade B,1,39,1470535736,1470635467,99731,519.01,325.73,511.99,715.98,19.64,327.51,0.50,196.90,8670.97,1289.09,4753.44
Fixation B,1,35,1470635467,1470768676,133209,519.50,701.36,2,7,-1,110.75,103.00
Saccade B,1,40,1470768676,1470868469,99793,520.58,685.81,519.20,427.26,12.71,202.82,0.50,127.39,5575.91,542.22,2797.92
Fixation B,1,36,1470901733,1471600555,698822,530.79,311.94,23,85,-1,114.62,79.86
Saccade B,1,41,1471600555,1471666992,66437,533.85,344.41,572.88,415.16,5.28,112.28,0.50,79.43,2111.57,1216.25,1663.91
Saccade B,1,42,1471700469,1471766876,66407,573.18,416.49,579.79,414.19,0.36,9.74,0.50,5.47,307.37,126.28,216.82
Fixation B,1,37,1471766876,1471866729,99853,579.50,413.38,0,0,-1,119.33,90.00
Saccade B,1,43,1471866729,1471933227,66498,575.70,411.51,547.09,364.06,2.77,76.85,0.50,41.58,2145.61,203.94,1174.77
Fixation B,1,38,1471933227,1471999725,66498,544.84,351.73,2,2,-1,114.50,84.00
Saccade B,1,44,1471999725,1472099609,99884,545.85,348.29,553.19,345.19,0.66,13.76,0.50,6.61,497.62,92.30,325.46
Fixation B,1,39,1472099609,1472299316,199707,518.70,333.96,11,9,-1,118.00,84.17
Saccade B,1,45,1472299316,1472399108,99792,515.37,342.19,587.66,455.24,6.83,183.41,0.50,68.48,5503.35,560.95,3711.45
Fixation B,1,40,1472399108,1472698608,299500,592.27,444.95,3,10,-1,123.67,98.11
Saccade B,1,46,1472698608,1472765167,66559,593.79,437.75,619.75,448.09,1.45,38.75,0.50,21.82,1118.86,238.22,678.54
Fixation B,1,41,1472765167,1473031372,266205,638.05,440.62,29,8,-1,126.88,100.25
Saccade B,1,47,1473031372,1473197723,166351,654.89,430.32,700.86,413.72,2.49,20.13,0.50,14.95,520.06,141.21,304.85
Fixation B,1,42,1473197723,1473497222,299499,699.03,415.46,10,11,-1,126.22,97.44
Saccade B,1,48,1473497222,1473596984,99762,689.17,434.67,676.73,454.41,1.58,19.55,0.50,15.82,203.38,93.11,154.32
Fixation B,1,43,1473596984,1473663604,66620,672.42,460.63,2,2,-1,128.00,104.00
Saccade B,1,49,1473663604,1473763366,99762,663.30,461.05,662.97,456.34,1.00,12.89,0.50,10.03,577.79,247.51,431.96
Fixation B,1,44,1473763366,1473896514,133148,651.95,458.92,8,6,-1,130.75,104.75
Saccade B,1,50,1473896514,1473963104,66590,643.96,465.67,658.10,438.66,1.72,42.28,0.50,25.88,1557.24,323.62,940.43
Fixation B,1,45,1473963104,1474096099,132995,663.86,444.42,5,3,-1,129.75,104.25
Saccade B,1,51,1474096099,1474195983,99884,669.67,448.47,682.63,455.81,0.97,15.73,0.50,9.75,331.99,122.98,260.38
Fixation B,1,46,1474195983,1474295867,99884,689.00,454.49,8,3,-1,129.33,104.00
Saccade B,1,52,1474295867,1474395690,99823,691.85,444.52,689.14,420.61,1.48,20.40,0.50,14.78,327.28,82.21,214.07
Fixation B,1,47,1474395690,1475360626,964936,661.65,431.41,46,38,-1,134.45,107.52
Saccade B,1,53,1475360626,1475427215,66589,679.16,427.57,691.93,424.16,0.98,18.35,0.50,14.76,221.18,135.88,178.53
Blink B,1,6,1475427215,1475726593,299378
Fixation B,1,48,1475726593,1475826477,99884,207.34,506.12,178,34,-1,119.67,115.00
Saccade B,1,54,1475826477,1475892974,66497,378.37,480.19,509.16,500.43,9.75,183.57,0.50,146.61,2511.40,895.22,1703.31
Fixation B,1,49,1475926361,1476558471,632110,600.41,469.33,48,30,-1,133.47,109.74
Blink B,1,7,1476591857,1477157501,565644
Fixation B,1,50,1477190734,1477357086,166352,596.07,447.78,52,13,-1,129.40,102.60
Saccade B,1,55,1477357086,1477490234,133148,585.19,442.29,642.52,436.61,2.24,14.82,0.50,16.84,471.59,143.42,260.92
Fixation B,1,51,1477490234,1477556884,66650,651.86,435.76,18,1,-1,132.50,103.00
Saccade B,1,56,1477556884,1477623352,66468,675.06,435.15,703.63,432.56,1.96,39.79,0.50,29.45,628.33,218.93,423.63
Saccade B,1,57,1477656646,1477789733,133087,723.67,476.57,715.82,1167.39,31.01,360.05,0.50,233.02,13358.18,2190.95,6151.45
Saccade B,1,58,1478122467,1478188964,66497,1744.21,-1510.89,-266.68,1041.62,261.87,4502.75,0.50,3938.14,235493.72,120322.97,177908.35
Saccade B,1,59,1478222351,1478288848,66497,1118.11,1651.84,57.14,1091.39,95.34,1662.69,0.50,1433.72,83613.74,30103.11,56858.42
Saccade B,1,60,1479087493,1479153991,66498,-348.00,4007.80,502.36,1649.92,119.70,3476.42,0.50,1800.07,108323.49,5550.38,56936.93
Fixation B,1,52,1480085723,1480185607,99884,612.73,737.21,67,248,-1,124.33,109.00
Saccade B,1,61,1480185607,1480252105,66498,655.59,625.43,660.45,437.16,9.41,261.21,0.50,141.55,8290.53,5324.76,6807.65
Fixation B,1,53,1480252105,1480318725,66620,696.66,585.80,15,17,-1,129.50,111.50
Saccade B,1,62,1480318725,1480385253,66528,724.81,625.67,715.63,501.92,7.42,171.95,0.50,111.48,6553.77,565.08,3559.42
Fixation B,1,54,1480385253,1480518341,133088,718.46,506.45,33,66,-1,136.50,113.00
Saccade B,1,63,1480518341,1480584838,66497,695.79,484.13,602.18,435.55,7.91,146.14,0.50,118.95,3528.47,2331.00,2929.74
Fixation B,1,55,1480584838,1480684722,99884,610.39,440.08,15,5,-1,133.33,105.33
Saccade B,1,64,1480684722,1480784545,99823,627.91,454.08,610.42,420.26,3.57,69.14,0.50,35.74,2575.54,135.30,1002.99
Fixation B,1,56,1480784545,1480884490,99945,616.46,427.01,9,8,-1,131.00,102.00
Saccade B,1,65,1480884490,1480950988,66498,624.27,440.51,630.73,455.50,1.17,22.73,0.50,17.57,323.23,253.96,288.60
Fixation B,1,57,1480950988,1481383483,432495,677.18,436.51,48,79,-1,119.69,93.15
Saccade B,1,66,1481383483,1481449981,66498,708.50,416.48,967.05,453.87,13.78,361.99,0.50,207.26,9304.29,1974.63,5639.46
Saccade B,1,67,1481516723,1481583099,66376,898.15,411.98,1111.25,426.88,11.40,297.11,0.50,171.80,10231.39,232.43,5231.91
Blink B,1,8,1481583099,1482215362,632263
Fixation B,1,58,1482215362,1482315246,99884,930.99,532.18,99,4,-1,115.00,110.67
Saccade B,1,68,1482315246,1482414978,99732,853.95,546.63,697.11,529.38,8.87,169.40,0.50,88.95,4036.95,600.30,2787.40
Fixation B,1,59,1482414978,1482781097,366119,630.58,602.13,51,89,-1,132.82,113.91
Saccade B,1,69,1482781097,1482880889,99792,593.56,532.23,485.78,542.17,11.31,164.68,0.50,113.34,5820.88,4575.39,5298.09
Fixation B,1,60,1482880889,1483047241,166352,540.28,521.59,71,15,-1,125.60,112.00
Saccade B,1,70,1483047241,1483113861,66620,558.60,522.49,407.68,495.18,7.85,211.56,0.50,117.83,5620.37,1459.23,3539.80
Fixation B,1,61,1483113861,1483180480,66619,452.94,516.36,39,14,-1,120.00,112.00
Saccade B,1,71,1483180480,1483280334,99854,510.05,534.45,241.72,595.60,14.58,357.42,0.50,146.05,10045.23,199.54,4125.36
Fixation B,1,62,1483280334,1483413360,133026,340.77,596.19,234,23,-1,122.75,120.00
Saccade B,1,72,1483413360,1483479858,66498,396.61,595.97,258.15,611.81,9.40,193.29,0.50,141.38,5929.40,3139.03,4534.21
Fixation B,1,63,1483479858,1483546356,66498,371.74,575.31,70,16,-1,122.00,118.50
Saccade B,1,73,1483546356,1483646240,99884,472.34,556.15,105.74,666.43,20.79,453.19,0.50,208.16,11329.46,288.79,5581.67
Saccade B,1,74,1483679473,1483812683,133210,342.97,619.60,291.89,686.37,15.46,100.27,0.50,116.08,10761.22,919.65,5655.72
Fixation B,1,64,1483812683,1483945739,133056,383.56,674.16,181,25,-1,129.25,127.50
Saccade B,1,75,1483945739,1484012451,66712,515.49,636.75,340.45,558.95,11.11,265.44,0.50,166.47,9318.25,904.98,5111.61
Fixation B,1,65,1484012451,1484178619,166168,445.50,515.34,106,71,-1,124.00,114.20
Saccade B,1,76,1484178619,1484278472,99853,503.23,462.28,464.36,428.91,5.70,85.34,0.50,57.11,4104.15,1745.98,3002.73
Fixation B,1,66,1484278472,1484478118,199646,501.24,406.01,25,22,-1,124.83,102.67
Saccade B,1,77,1484478118,1484544830,66712,499.73,400.37,478.07,386.83,1.26,35.42,0.50,18.83,1030.22,313.63,671.92
Fixation B,1,67,1484544830,1484711120,166290,468.60,387.63,17,48,-1,121.40,99.40
Saccade B,1,78,1484711120,1484777618,66498,475.30,430.99,363.44,523.11,7.50,200.26,0.50,112.75,5525.48,394.80,2960.14
Fixation B,1,68,1484777618,1484877471,99853,332.65,589.27,54,4,-1,116.67,115.33
Saccade B,1,79,1484877471,1484977264,99793,401.65,583.37,175.62,655.58,15.55,368.02,0.50,155.83,12248.13,613.50,4578.72
Saccade B,1,80,1485043853,1485110382,66529,246.66,632.64,95.24,729.35,12.10,249.19,0.50,181.91,10831.27,649.79,5740.53
Blink B,1,9,1485143615,1485443115,299500
Fixation B,1,69,1485443115,1485775848,332733,712.66,523.52,381,34,-1,126.60,114.80
Saccade B,1,81,1485775848,1485842376,66528,848.76,514.77,875.67,489.81,1.96,50.86,0.50,29.46,1534.16,598.25,1066.21
Fixation B,1,70,1485842376,1486042114,199738,819.61,474.98,84,12,-1,126.67,110.67
Saccade B,1,82,1486042114,1486108642,66528,761.01,475.82,820.87,520.76,4.29,103.82,0.50,64.48,3766.68,248.29,2007.49
Fixation B,1,71,1486108642,1486241729,133087,865.82,551.55,26,8,-1,121.50,114.50
Blink B,1,10,1486341613,1486474609,132996
Saccade B,1,83,1486507995,1486574493,66498,1041.82,661.68,1163.42,650.67,8.23,169.20,0.50,123.71,3123.82,3056.89,3090.35
Fixation B,1,72,1486574493,1486740875,166382,1122.15,623.20,82,51,-1,115.80,120.40
Blink B,1,11,1486807373,1487106872,299499
Saccade B,1,84,1487140472,1487206726,66254,1332.89,709.00,1496.03,734.53,12.96,230.50,0.50,195.60,8469.04,2201.46,5335.25
Fixation B,1,73,1487206726,1487306488,99762,1269.78,703.94,219,30,-1,113.67,128.00
Saccade B,1,85,1487306488,1487373107,66619,1083.44,697.40,1241.33,716.43,10.91,219.55,0.50,163.72,9751.09,1560.96,5656.02
Saccade B,1,86,1487406372,1487506225,99853,1192.67,730.32,1043.83,727.04,9.69,131.38,0.50,97.00,2697.88,2046.24,2305.10
Fixation B,1,74,1487506225,1487605987,99762,936.17,712.79,77,10,-1,124.67,118.67
Saccade B,1,87,1487605987,1487672760,66773,847.06,671.42,919.17,644.24,6.82,106.38,0.50,102.19,5267.75,2564.39,3916.07
Fixation B,1,75,1487672760,1487772491,99731,889.97,619.49,51,3,-1,128.00,125.67
Saccade B,1,88,1487772491,1487838989,66498,844.90,621.28,808.04,550.07,4.56,111.21,0.50,68.51,3062.89,402.29,1732.59
Fixation B,1,76,1487838989,1487938751,99762,767.66,527.17,31,3,-1,130.67,117.33
Saccade B,1,89,1487938751,1488105102,166351,732.39,526.93,634.69,517.43,4.75,29.56,0.50,28.55,1125.63,200.67,506.20
Fixation B,1,77,1488105102,1488338104,233002,624.47,504.59,18,22,-1,133.29,110.43
Saccade B,1,90,1488338104,1488404663,66559,631.41,491.46,648.29,477.12,1.34,30.69,0.50,20.19,641.57,137.93,389.75
Fixation B,1,78,1488404663,1488670867,266204,673.05,493.56,16,22,-1,126.50,108.00
Blink B,1,12,1488670867,1489136749,465882
Saccade B,1,91,1489169982,1489336578,166596,1181.21,588.11,1040.44,530.95,21.50,169.73,0.50,129.02,9458.21,840.31,3976.61
Fixation B,1,79,1489336578,1489669097,332519,871.24,492.80,275,84,-1,118.60,105.70
Saccade B,1,92,1489669097,1489735595,66498,757.36,461.57,753.08,670.97,10.43,290.22,0.50,156.82,8094.53,1130.95,4612.74
Fixation B,1,80,1489735595,1489868713,133118,774.04,704.78,31,41,-1,130.00,120.75
Saccade B,1,93,1489868713,1489935394,66681,813.37,690.91,749.91,562.58,7.66,198.38,0.50,114.95,6535.08,451.46,3493.27
Fixation B,1,81,1489935394,1490035125,99731,731.12,545.99,6,18,-1,125.67,111.00
Saccade B,1,94,1490035125,1490101745,66620,711.40,505.36,699.48,421.79,5.58,116.65,0.50,83.73,2098.97,1284.03,1691.50
Fixation B,1,82,1490101745,1490268310,166565,729.87,467.87,48,86,-1,131.40,109.00
Saccade B,1,95,1490268310,1490334625,66315,753.93,520.79,786.54,499.97,2.47,53.90,0.50,37.31,1863.60,69.88,966.74
Fixation B,1,83,1490334625,1490467742,133117,822.97,497.40,5,7,-1,119.50,112.75
Saccade B,1,96,1490467742,1490534240,66498,811.59,491.71,818.24,468.46,1.80,33.54,0.50,27.01,921.61,646.22,783.91
Fixation B,1,84,1490534240,1490634094,99854,798.20,475.64,32,13,-1,122.33,112.67
Blink B,1,13,1490634094,1490933624,299530
Fixation B,1,85,1490933624,1491100006,166382,663.11,493.54,11,28,-1,140.00,115.80
Saccade B,1,97,1491100006,1491166473,66467,674.57,472.81,674.77,461.46,0.90,15.70,0.50,13.47,288.07,75.08,181.58
Fixation B,1,86,1491166473,1491266357,99884,668.97,446.59,11,14,-1,141.00,113.00
Saccade B,1,98,1491266357,1491332855,66498,653.38,436.04,831.38,492.93,9.04,258.95,0.50,135.99,8172.40,74.21,4123.31
Fixation B,1,87,1491332855,1491432739,99884,845.21,505.04,45,8,-1,122.67,119.00
Saccade B,1,99,1491432739,1491532531,99792,780.69,501.38,1051.56,594.69,15.42,386.91,0.50,154.48,11375.05,221.08,4449.99
Blink B,1,14,1491532531,1492031646,499115
Saccade B,1,100,1492064971,1492131530,66559,788.32,714.34,934.16,727.28,10.32,202.70,0.50,155.08,9313.35,364.12,4838.73
Fixation B,1,88,1492131530,1492297851,166321,882.84,722.15,182,20,-1,127.80,124.80
Saccade B,1,101,1492297851,1492364471,66620,762.42,772.03,859.28,767.32,6.80,134.37,0.50,102.14,5683.81,1276.83,3480.32
Fixation B,1,89,1492364471,1492497497,133026,846.36,786.39,37,19,-1,131.25,125.75
Saccade B,1,102,1492497497,1492564117,66620,799.09,774.37,742.85,628.69,8.65,215.79,0.50,129.85,5543.97,897.34,3220.66
Saccade B,1,103,1492597381,1492663879,66498,715.72,586.45,664.26,526.85,4.13,109.21,0.50,62.17,2830.33,1196.68,2013.50
Fixation B,1,90,1492663879,1492863616,199737,677.06,517.40,52,10,-1,131.17,111.00
Blink B,1,15,1492863616,1493162994,299378
Fixation B,1,91,1493162994,1493229614,66620,1011.15,479.09,31,2,-1,112.50,105.50
Saccade B,1,104,1493229614,1493296112,66498,1097.16,481.18,1209.36,496.77,9.90,156.54,0.50,148.88,5550.86,733.42,3142.14
Fixation B,1,92,1493296112,1493362731,66619,1149.62,512.29,43,19,-1,108.00,107.50
Saccade B,1,105,1493362731,1493529113,166382,1068.94,529.99,1028.54,572.16,27.39,331.57,0.50,164.63,12707.70,412.06,5130.92
Saccade B,1,106,1493562347,1493628875,66528,1182.74,607.27,1348.67,672.65,15.51,246.89,0.50,233.12,12009.52,1342.83,6676.18
Fixation B,1,93,1493628875,1493695495,66620,1192.98,657.37,62,47,-1,108.50,118.50
Saccade B,1,107,1493695495,1493795257,99762,1118.26,609.63,960.95,609.64,9.54,121.27,0.50,95.60,2188.80,812.47,1426.50
Fixation B,1,94,1493795257,1493994995,199738,776.01,600.58,230,7,-1,126.67,117.17
Saccade B,1,108,1493994995,1494061523,66528,644.63,598.15,545.38,599.48,5.66,137.04,0.50,85.11,3123.34,468.69,1796.02
Fixation B,1,95,1494061523,1494127990,66467,534.84,612.59,1,6,-1,134.50,121.00
Saccade B,1,109,1494127990,1494194610,66620,534.23,620.16,545.70,613.23,0.82,18.50,0.50,12.32,704.73,166.26,435.49
Saccade B,1,110,1494227874,1494327728,99854,571.45,608.65,516.22,634.73,5.24,110.90,0.50,52.46,4123.88,117.64,2721.55
Fixation B,1,96,1494327728,1494527374,199646,546.83,612.73,34,30,-1,136.50,121.83
Saccade B,1,111,1494527374,1494593872,66498,574.06,589.41,593.58,578.53,1.61,30.91,0.50,24.21,442.43,165.56,303.99
Saccade B,1,112,1494627166,1494726989,99823,576.18,580.72,555.17,604.14,3.34,48.57,0.50,33.47,1679.88,529.93,1296.19
Fixation B,1,97,1494726989,1494893371,166382,566.80,613.34,6,12,-1,137.60,115.20
Saccade B,1,113,1494893371,1495059753,166382,574.39,636.19,630.96,751.73,6.38,30.27,0.50,38.37,3580.65,199.06,1358.56
Fixation B,1,98,1495059753,1495126373,66620,627.03,778.09,7,52,-1,128.00,113.00
Blink B,1,16,1495126373,1495226104,99731
Saccade B,1,114,1495259490,1495392578,133088,605.55,775.54,577.00,642.69,13.87,165.63,0.50,104.24,9531.82,1177.45,4597.42
Fixation B,1,99,1495392578,1495459136,66558,581.35,641.55,8,2,-1,135.50,115.00
Saccade B,1,115,1495459136,1495525634,66498,566.94,591.67,557.93,518.06,5.80,102.38,0.50,87.24,2231.82,1104.53,1668.17
Fixation B,1,100,1495525634,1495691986,166352,540.39,513.66,15,23,-1,127.60,111.60
Saccade B,1,116,1495691986,1495758483,66497,524.58,531.63,509.55,542.09,1.33,25.38,0.50,19.98,326.72,210.32,268.52
Fixation B,1,101,1495758483,1495825103,66620,503.09,551.99,0,4,-1,131.50,115.00
Saccade B,1,117,1495825103,1495891632,66529,397.11,565.57,231.11,583.51,12.59,231.36,0.50,189.28,4374.23,2530.37,3452.30
Blink B,1,17,1495991485,1496124694,133209
Fixation B,1,102,1496124694,1496191131,66437,84.21,631.39,2,10,-1,106.50,107.50
Saccade B,1,118,1496191131,1496324371,133240,187.42,619.33,-3.46,747.15,25.27,151.46,0.50,189.63,15755.35,191.51,7584.52
Blink B,1,18,1496324371,1496623748,299377
Fixation B,1,103,1496623748,1496790130,166382,467.04,501.05,182,48,-1,119.60,103.60
Saccade B,1,119,1496790130,1496856658,66528,569.46,478.60,643.79,468.31,4.45,104.07,0.50,66.84,2240.93,385.75,1313.34
Fixation B,1,104,1496856658,1496989746,133088,692.49,480.37,53,2,-1,128.50,105.75
Saccade B,1,120,1496989746,1497122894,133148,626.57,493.77,542.09,472.50,12.13,143.05,0.50,91.10,7414.96,696.34,3954.60
Fixation B,1,105,1497122894,1497289245,166351,476.85,491.26,57,33,-1,122.00,106.20
Saccade B,1,121,1497289245,1497355743,66498,452.66,533.36,458.80,554.13,1.95,30.02,0.50,29.37,304.14,291.23,297.68
Fixation B,1,106,1497355743,1497488861,133118,499.94,573.56,49,15,-1,130.00,115.00
Saccade B,1,122,1497488861,1497555389,66528,518.53,579.18,472.88,570.74,2.39,64.27,0.50,35.86,1707.11,844.56,1275.84
Fixation B,1,107,1497555389,1497688568,133179,495.02,551.80,23,22,-1,129.25,115.00
Saccade B,1,123,1497688568,1497755126,66558,524.38,526.08,596.88,518.85,4.48,101.24,0.50,67.38,2268.92,527.75,1398.34
Fixation B,1,108,1497788482,1497888122,99640,674.88,508.86,22,6,-1,134.00,109.67
Blink B,1,19,1497921508,1498220886,299378
Fixation B,1,109,1498220886,1498287475,66589,234.53,713.03,167,0,-1,121.00,123.50
Saccade B,1,124,1498287475,1498354003,66528,169.52,697.15,240.99,656.01,4.92,114.27,0.50,74.02,7787.12,2438.69,5112.91
Fixation B,1,110,1498354003,1498420776,66773,315.76,625.78,50,19,-1,123.00,121.50
Saccade B,1,125,1498420776,1498487121,66345,242.06,633.04,178.72,839.62,14.57,301.06,0.50,219.66,8120.79,6349.02,7234.91
Fixation B,1,111,1498487121,1498587005,99884,140.25,631.86,48,38,-1,120.00,121.67
Saccade B,1,126,1498587005,1498686737,99732,186.00,605.88,-44.72,731.95,14.46,379.44,0.50,145.01,11882.99,450.89,4426.36
Saccade B,1,127,1498786621,1498919738,133117,1587.86,31.58,-6.54,761.17,168.60,2930.85,0.50,1266.52,162198.62,21104.73,73136.13
Saccade B,1,128,1499019531,1499086120,66589,2383.38,898.16,-78.50,1106.28,222.81,3417.33,0.50,3346.04,199861.01,97458.56,148659.79
Saccade B,1,129,1499119384,1499185882,66498,-154.83,921.18,-25.55,878.97,11.55,188.45,0.50,173.69,13708.88,1015.63,7362.25
Fixation B,1,112,1499185882,1499252502,66620,-59.60,893.51,100,41,-1,87.50,102.50
Saccade B,1,130,1499252502,1499352386,99884,109.24,853.50,209.52,975.38,19.60,229.72,0.50,196.22,10923.30,1089.55,4404.24
Fixation B,1,113,1499352386,1499418884,66498,310.79,946.19,71,60,-1,132.50,101.50
Saccade B,1,131,1499418884,1499552001,133117,448.99,1008.16,684.00,1016.30,21.54,158.12,0.50,161.84,12031.11,1771.68,5542.83
Fixation B,1,114,1499552001,1499618499,66498,708.48,998.50,48,35,-1,141.50,80.00
Saccade B,1,132,1499651763,1499818145,166382,514.07,902.44,372.25,801.25,37.69,460.84,0.50,226.53,27175.49,1195.64,11704.90
Saccade B,1,133,1499851379,1499951232,99853,348.50,993.71,231.72,710.47,23.49,379.49,0.50,235.26,18506.28,9143.56,12646.55
Fixation B,1,115,1499951232,1500283996,332764,490.32,581.22,367,146,-1,133.50,121.60
Saccade B,1,134,1500283996,1500350616,66620,567.02,552.00,474.24,598.01,9.13,143.50,0.50,137.02,5113.89,556.12,2835.01
Fixation B,1,116,1500350616,1500450378,99762,501.91,582.64,16,13,-1,134.33,120.00
Saccade B,1,135,1500450378,1500516998,66620,517.27,567.31,533.07,555.48,1.43,27.38,0.50,21.43,381.89,45.44,213.67
Fixation B,1,117,1500516998,1500616729,99731,566.86,550.59,43,2,-1,133.67,116.00
Saccade B,1,136,1500616729,1500683410,66681,613.53,556.73,570.79,576.02,3.34,64.98,0.50,50.11,2835.57,411.76,1623.67
Fixation B,1,118,1500683410,1500749877,66467,556.12,600.16,27,5,-1,131.00,117.00
Saccade B,1,137,1500749877,1500849761,99884,581.66,560.18,592.97,456.91,7.03,140.07,0.50,70.43,4100.56,2121.60,2887.43
Fixation B,1,119,1500849761,1501149139,299378,624.21,441.89,63,20,-1,131.00,103.11
Saccade B,1,138,1501149139,1501215759,66620,648.31,432.83,653.37,443.70,1.05,16.56,0.50,15.82,912.62,733.40,823.01
Fixation B,1,120,1501215759,1501415374,199615,664.37,456.09,10,10,-1,119.67,93.17
Saccade B,1,139,1501415374,1501481872,66498,659.04,468.76,649.25,469.66,0.84,13.59,0.50,12.59,330.29,114.84,222.56
Fixation B,1,121,1501481872,1501581756,99884,632.88,462.79,16,14,-1,112.33,88.67
Saccade B,1,140,1501581756,1501648376,66620,617.43,448.60,596.79,489.83,2.58,63.94,0.50,38.76,2089.46,79.83,1084.65
Fixation B,1,122,1501648376,1501714874,66498,595.15,509.70,0,15,-1,112.00,90.00
Saccade B,1,141,1501714874,1501781372,66498,591.61,485.77,538.96,541.91,4.32,106.66,0.50,64.96,3646.15,169.58,1907.86
Fixation B,1,123,1501781372,1501947753,166381,562.81,476.98,29,95,-1,113.80,90.00
Saccade B,1,142,1501947753,1502047607,99854,589.97,447.93,656.24,680.55,12.13,306.55,0.50,121.48,8403.74,1597.72,6122.39
Fixation B,1,124,1502047607,1502180725,133118,654.29,657.41,19,8,-1,122.25,104.00
Saccade B,1,143,1502180725,1502247253,66528,626.87,663.65,611.05,685.33,2.05,37.19,0.50,30.88,515.17,417.61,466.39
Fixation B,1,125,1502247253,1502313873,66620,585.00,692.24,15,8,-1,124.00,105.00
Saccade B,1,144,1502313873,1502380584,66711,560.08,713.98,545.18,753.61,3.09,58.67,0.50,46.33,936.69,363.71,650.20
Fixation B,1,126,1502380584,1502480407,99823,526.46,776.81,13,50,-1,123.33,113.00
Blink B,1,20,1502480407,1503112518,632111
Fixation B,1,127,1503112518,1503212371,99853,637.69,633.39,0,6,-1,126.33,112.00
Saccade B,1,145,1503245513,1503345397,99884,636.16,615.06,574.31,532.23,6.98,116.85,0.50,69.90,3154.88,1932.96,2644.32
Fixation B,1,128,1503345397,1503744659,399262,647.54,502.57,69,34,-1,136.58,113.50
Saccade B,1,146,1503744659,1503811248,66589,666.13,509.55,741.45,454.01,5.68,129.32,0.50,85.33,3925.62,1518.55,2722.09
Fixation B,1,129,1503811248,1504243743,432495,673.37,473.48,104,25,-1,131.08,107.23
Saccade B,1,147,1504243743,1504310394,66651,631.98,456.68,637.53,447.43,0.90,14.88,0.50,13.49,151.31,137.80,144.55
Fixation B,1,130,1504310394,1504609863,299469,671.47,445.07,42,5,-1,126.56,100.33
Saccade B,1,148,1504609863,1504676483,66620,687.96,445.12,697.47,440.42,0.64,14.70,0.50,9.65,353.56,172.58,263.07
Fixation B,1,131,1504676483,1504809509,133026,694.78,430.96,4,4,-1,124.75,97.25
Saccade B,1,149,1504809509,1504876007,66498,693.50,436.36,689.86,442.93,0.55,10.41,0.50,8.23,132.06,25.27,78.66
Fixation B,1,132,1504876007,1505042388,166381,682.39,436.76,11,18,-1,126.60,99.20
Saccade B,1,150,1505042388,1505109008,66620,678.40,426.46,681.41,434.02,0.45,11.24,0.50,6.80,299.50,270.65,285.08
Fixation B,1,133,1505109008,1505175506,66498,687.11,439.00,2,3,-1,128.00,100.50
Saccade B,1,151,1505175506,1505242126,66620,686.96,440.82,680.11,444.00,0.42,10.47,0.50,6.31,253.57,220.28,236.92
Fixation B,1,134,1505242126,1505308715,66589,675.50,449.07,1,3,-1,128.00,101.50
Blink B,1,21,1505308715,1505608123,299408
Saccade B,1,152,1505641387,1505707885,66498,654.44,460.52,593.73,460.96,3.19,84.20,0.50,47.95,2816.08,281.88,1548.98
Fixation B,1,135,1505707885,1505807739,99854,588.89,463.72,1,3,-1,126.00,100.33
Saccade B,1,153,1505807739,1505874267,66528,589.92,467.35,576.46,458.41,0.84,22.40,0.50,12.64,752.19,67.99,410.09
Fixation B,1,136,1505874267,1506539886,665619,568.60,444.79,20,19,-1,118.15,91.85
Saccade B,1,154,1506539886,1506639739,99853,574.10,435.37,548.39,558.92,6.13,105.09,0.50,61.44,2293.59,166.91,1173.93
Saccade B,1,155,1506672882,1506772766,99884,537.97,504.85,533.67,396.92,7.17,124.64,0.50,71.75,3010.96,1689.88,2189.73
Fixation B,1,137,1506772766,1506872680,99914,537.17,385.04,8,5,-1,110.00,81.67
Saccade B,1,156,1506872680,1506939147,66467,530.07,383.46,570.97,374.55,2.05,58.11,0.50,30.80,1854.16,168.04,1011.10
Fixation B,1,138,1506939147,1507671112,731965,575.16,369.44,16,11,-1,113.09,81.68
Saccade B,1,157,1507671112,1507771087,99975,560.33,388.67,767.57,854.76,24.56,371.11,0.50,245.71,9338.26,818.41,3832.64
Saccade B,1,158,1508369995,1508436584,66589,193.61,2720.66,670.62,962.70,85.32,2521.81,0.50,1281.27,76946.98,3241.98,40094.48
Saccade B,1,159,1508503143,1508569641,66498,669.09,961.67,-35809.71,-24172.16,2033.55,61160.74,0.50,30580.66,1831911.61,12.24,915961.93
Saccade B,1,160,1508702758,1508769256,66498,595.66,485.18,583.33,287.23,18.02,274.84,0.50,270.98,39618.63,16188.35,27903.49
Fixation B,1,139,1508769256,1508935638,166382,588.55,358.66,80,203,-1,122.80,86.60
Saccade B,1,161,1508935638,1509002258,66620,645.04,501.58,529.78,457.92,7.79,171.11,0.50,116.95,6599.25,327.91,3463.58
Fixation B,1,140,1509035491,1509135253,99762,524.78,468.73,15,12,-1,122.33,101.33
Blink B,1,22,1509135253,1509468139,332886
Saccade B,1,162,1509501403,1509634521,133118,667.21,497.87,507.78,486.45,10.15,38.98,0.50,76.24,8300.93,671.39,3713.92
Fixation B,1,141,1509634521,1509734252,99731,541.41,482.68,66,5,-1,118.33,98.00
Saccade B,1,163,1509734252,1509800872,66620,602.12,487.53,864.96,506.99,13.49,365.20,0.50,202.50,9798.62,306.44,5052.53
Fixation B,1,142,1509800872,1510100494,299622,926.00,521.57,94,17,-1,111.33,102.11
Saccade B,1,164,1510100494,1510166870,66376,851.13,527.21,768.75,587.57,5.82,142.04,0.50,87.74,3340.61,332.79,1836.70
Fixation B,1,143,1510166870,1510266632,99762,733.60,598.31,35,14,-1,114.33,105.00
Saccade B,1,165,1510266632,1510366485,99853,701.71,610.30,784.76,581.09,5.05,110.08,0.50,50.56,3848.97,454.45,2460.59
Fixation B,1,144,1510366485,1510499633,133148,751.78,575.24,28,3,-1,111.50,100.00
Saccade B,1,166,1510499633,1510566131,66498,726.74,581.28,711.83,585.06,1.24,21.32,0.50,18.71,162.08,91.66,126.87
Fixation B,1,145,1510566131,1510932006,365875,659.55,602.06,72,23,-1,114.64,99.27
Saccade B,1,167,1510932006,1510998657,66651,630.12,620.33,620.48,619.76,0.79,13.34,0.50,11.85,513.64,374.28,443.96
Fixation B,1,146,1510998657,1511797271,798614,630.41,632.86,34,23,-1,115.08,100.60
Saccade B,1,168,1511797271,1511863769,66498,646.52,625.89,647.58,634.44,0.67,11.93,0.50,10.12,347.25,289.17,318.21
Fixation B,1,147,1511863769,1512096771,233002,653.96,635.53,4,3,-1,114.86,99.57
Saccade B,1,169,1512096771,1512163269,66498,655.40,632.48,656.30,625.10,0.44,10.29,0.50,6.55,236.26,132.80,184.53
Fixation B,1,148,1512163269,1512396148,232879,646.48,627.77,11,6,-1,117.29,102.43
Saccade B,1,170,1512396148,1512462768,66620,637.98,630.49,630.91,632.12,0.48,10.01,0.50,7.17,221.97,142.52,182.25
Fixation B,1,149,1512462768,1512562530,99762,626.23,630.57,7,3,-1,117.33,102.00
Saccade B,1,171,1512562530,1512662384,99854,618.82,627.98,618.51,613.63,0.92,14.60,0.50,9.25,326.40,200.49,269.29
Fixation B,1,150,1512662384,1512995178,332794,620.01,586.53,15,31,-1,113.10,96.90
Saccade B,1,172,1512995178,1513061767,66589,633.99,592.20,642.28,582.93,0.76,17.25,0.50,11.43,473.18,92.47,282.82
Fixation B,1,151,1513061767,1513693878,632111,653.25,584.64,14,21,-1,111.68,95.89
Blink B,1,23,1513693878,1514026641,332763
Fixation B,1,152,1514026641,1515158020,1131379,667.73,584.06,40,21,-1,111.91,97.32
Saccade B,1,173,1515158020,1515224731,66711,686.62,592.60,687.58,599.13,0.34,9.11,0.50,5.03,244.39,42.59,143.49
Fixation B,1,153,1515224731,1515391021,166290,683.37,603.70,5,8,-1,110.60,95.40
Saccade B,1,174,1515391021,1515457550,66529,668.31,611.55,572.52,670.75,5.82,156.19,0.50,87.42,4169.17,549.55,2359.36
Fixation B,1,154,1515457550,1515690551,233001,579.13,660.67,13,10,-1,113.43,101.29
Saccade B,1,175,1515690551,1515757049,66498,583.12,656.36,587.32,674.61,0.97,25.98,0.50,14.63,769.52,297.70,533.61
Fixation B,1,155,1515757049,1516123046,365997,591.88,675.78,8,11,-1,114.36,102.73
Saccade B,1,176,1516123046,1516189636,66590,593.49,677.80,592.17,687.03,0.82,12.88,0.50,12.36,464.58,51.73,258.15
Fixation B,1,156,1516189636,1517354278,1164642,586.76,680.27,15,18,-1,110.47,99.08
Blink B,1,24,1517354278,1517687011,332733
Fixation B,1,157,1517687011,1518086273,399262,599.96,690.67,18,25,-1,112.31,99.08
Saccade B,1,177,1518086273,1518152923,66650,595.78,696.70,579.33,659.43,2.07,56.25,0.50,30.99,1804.98,267.25,1036.12
Fixation B,1,158,1518152923,1518252655,99732,573.16,650.08,1,2,-1,112.67,102.00
Saccade B,1,178,1518252655,1518352508,99853,574.34,646.64,576.59,643.02,0.78,10.58,0.50,7.79,481.24,324.87,389.47
Fixation B,1,159,1518352508,1518485656,133148,583.14,641.15,6,3,-1,111.75,97.75
Saccade B,1,179,1518485656,1518585388,99732,589.52,635.33,588.11,639.98,0.73,9.56,0.50,7.31,570.14,365.16,436.23
Fixation B,1,160,1518585388,1518718536,133148,594.79,633.13,8,3,-1,110.75,96.25
Saccade B,1,180,1518718536,1518785156,66620,604.33,625.11,695.49,655.75,4.84,133.38,0.50,72.69,3991.71,251.43,2121.57
Blink B,1,25,1518818420,1519151153,332733
Fixation B,1,161,1519151153,1519251037,99884,636.19,618.92,0,7,-1,112.00,99.00
Blink B,1,26,1519251037,1519617034,365997
Fixation B,1,162,1519617034,1519816650,199616,684.71,584.53,30,27,-1,114.67,99.67
Saccade B,1,181,1519816650,1519916534,99884,664.13,610.23,653.77,625.16,1.54,20.60,0.50,15.40,528.18,60.89,322.47
Fixation B,1,163,1519916534,1520382415,465881,629.84,631.24,38,8,-1,115.50,102.29
Saccade B,1,182,1520382415,1520482147,99732,604.96,635.39,594.53,638.12,0.92,9.78,0.50,9.19,352.31,156.51,229.27
Fixation B,1,164,1520482147,1520648559,166412,578.03,641.95,23,6,-1,113.00,101.40
Saccade B,1,183,1520648559,1520781677,133118,556.01,647.23,518.90,654.35,2.28,19.74,0.50,17.14,317.14,48.56,161.38
Fixation B,1,165,1520781677,1520981323,199646,490.24,664.72,24,11,-1,111.17,101.17
Saccade B,1,184,1520981323,1521047912,66589,483.01,669.56,496.46,662.18,0.81,21.29,0.50,12.17,550.50,368.39,459.44
Fixation B,1,166,1521047912,1521280792,232880,518.43,649.17,42,13,-1,114.14,103.86
Blink B,1,27,1521280792,1521646759,365967
Fixation B,1,167,1521646759,1521713409,66650,697.66,618.42,13,5,-1,111.50,99.00
Blink B,1,28,1521713409,1522112670,399261
Fixation B,1,168,1522112670,1522878021,765351,632.96,627.58,150,41,-1,116.00,103.57
Saccade B,1,185,1522878021,1522944519,66498,584.82,625.31,593.28,615.97,0.84,17.46,0.50,12.60,355.56,75.01,215.29
Fixation B,1,169,1522944519,1523244018,299499,636.18,605.99,66,8,-1,112.56,97.78
Saccade B,1,186,1523244018,1523310668,66650,677.71,611.29,686.98,607.55,0.92,13.83,0.50,13.81,348.09,259.39,303.74
Fixation B,1,170,1523310668,1523410430,99762,698.85,606.21,8,2,-1,111.33,100.00
Saccade B,1,187,1523410430,1523477020,66590,699.30,609.88,583.02,628.60,5.61,163.34,0.50,84.29,4774.97,226.84,2500.90
Fixation B,1,171,1523477020,1523942779,465759,477.42,649.45,178,19,-1,111.57,102.29
Saccade B,1,188,1523942779,1524009429,66650,386.20,685.38,452.31,794.07,7.28,175.64,0.50,109.17,4192.95,1403.48,2798.21
Fixation B,1,172,1524009429,1524109161,99732,428.80,777.11,29,13,-1,107.33,100.00
Blink B,1,29,1524109161,1524508544,399383
Fixation B,1,173,1524508544,1524674896,166352,549.86,687.38,57,3,-1,113.80,104.80
Blink B,1,30,1524674896,1525606658,931762
Saccade B,1,189,1525639892,1525706420,66528,367.80,1020.66,401.40,922.47,9.54,143.67,0.50,143.33,8590.54,4248.68,6419.61
Saccade B,1,190,1525739685,1525806274,66589,454.79,777.17,463.54,949.44,14.81,238.37,0.50,222.42,13209.95,6071.91,9640.93
Saccade B,1,191,1525839569,1525906036,66467,524.51,876.26,324.75,787.58,12.75,303.13,0.50,191.76,10926.60,7661.53,9294.06
Fixation B,1,174,1525906036,1526072418,166382,333.47,706.71,107,55,-1,110.00,114.00
Saccade B,1,192,1526072418,1526139038,66620,417.96,671.83,377.55,626.30,3.98,84.05,0.50,59.78,3069.29,474.73,1772.01
Fixation B,1,175,1526139038,1526272155,133117,437.47,613.14,78,16,-1,114.75,108.75
Saccade B,1,193,1526272155,1526338653,66498,502.19,608.21,556.75,654.07,4.45,98.77,0.50,66.95,2182.24,304.95,1243.59
Blink B,1,31,1526371917,1526771301,399384
Fixation B,1,176,1526771301,1527070770,299469,534.20,653.63,21,22,-1,119.67,109.78
Saccade B,1,194,1527070770,1527137298,66528,525.52,668.53,523.20,674.61,0.48,9.02,0.50,7.28,124.40,104.62,114.51
Fixation B,1,177,1527137298,1527270416,133118,533.78,682.13,15,9,-1,124.75,114.75
Saccade B,1,195,1527270416,1527370147,99731,526.78,708.67,524.30,724.45,7.87,113.54,0.50,78.95,6168.11,744.13,3539.72
Fixation B,1,178,1527370147,1527836029,465882,545.07,692.40,31,44,-1,122.13,111.07
Saccade B,1,196,1527836029,1527902679,66650,554.22,677.66,514.85,667.67,2.07,56.23,0.50,31.04,1549.11,239.08,894.10
Fixation B,1,179,1527902679,1528069030,166351,518.19,665.41,3,3,-1,119.20,110.60
Saccade B,1,197,1528069030,1528135528,66498,520.41,667.20,523.46,609.58,2.68,79.95,0.50,40.30,2406.01,140.39,1273.20
Fixation B,1,180,1528135528,1528235443,99915,523.45,567.63,0,3,-1,120.67,103.67
Saccade B,1,198,1528235443,1528301910,66467,520.97,568.56,520.84,550.98,0.95,24.32,0.50,14.23,778.41,136.27,457.34
Fixation B,1,181,1528301910,1528701293,399383,528.71,551.83,8,9,-1,119.75,103.58
Saccade B,1,199,1528701293,1528767791,66498,528.36,559.17,565.66,678.25,5.88,172.91,0.50,88.43,5146.26,15.97,2581.11
Fixation B,1,182,1528767791,1528867675,99884,580.64,706.10,13,5,-1,118.67,108.33
Blink B,1,32,1528867675,1529466552,598877
Fixation B,1,183,1529499816,1529699554,199738,467.94,629.55,205,52,-1,119.50,98.83
Blink B,1,33,1529699554,1530398284,698730
Blink B,1,34,1530431549,1530731201,299652
Fixation B,1,184,1530731201,1530830902,99701,214.68,664.12,244,11,-1,99.67,115.33
Saccade B,1,200,1530830902,1530930664,99762,372.28,685.77,657.52,686.44,16.14,216.81,0.50,161.76,4062.95,993.96,2072.38
Fixation B,1,185,1530930664,1531097045,166381,824.43,670.06,129,12,-1,119.80,116.20
Saccade B,1,201,1531097045,1531163696,66651,881.41,677.02,914.15,638.27,2.77,70.11,0.50,41.55,1907.38,127.88,1017.63
Fixation B,1,186,1531163696,1531296783,133087,908.54,647.53,12,16,-1,117.00,114.50
Saccade B,1,202,1531296783,1531363281,66498,889.14,647.17,684.99,536.35,11.56,321.59,0.50,173.78,8885.74,1130.93,5008.33
Fixation B,1,187,1531363281,1531596160,232879,703.60,521.11,35,12,-1,117.43,99.29
Saccade B,1,203,1531596160,1531662811,66651,705.42,514.50,696.92,539.52,1.56,36.48,0.50,23.35,1031.66,268.22,649.94
Fixation B,1,188,1531662811,1531928924,266113,676.23,549.96,30,14,-1,111.25,94.38
Saccade B,1,204,1531928924,1532028808,99884,649.15,564.28,619.83,581.09,2.07,35.12,0.50,20.74,705.90,105.35,311.26
Fixation B,1,189,1532028808,1532095306,66498,610.89,582.97,5,3,-1,109.50,94.00
Saccade B,1,205,1532095306,1532161926,66620,603.02,584.15,595.94,585.71,0.58,10.00,0.50,8.65,148.67,109.54,129.11
Fixation B,1,190,1532161926,1532527923,365997,618.74,589.68,67,5,-1,110.00,95.73
Saccade B,1,206,1532527923,1532594421,66498,666.39,589.12,676.56,587.94,0.71,14.18,0.50,10.71,208.89,200.09,204.49
Fixation B,1,191,1532594421,1532661041,66620,685.54,596.41,6,1,-1,110.50,98.00
Blink B,1,35,1532661041,1533193420,532379
Fixation B,1,192,1533193420,1533459686,266266,461.39,769.32,71,33,-1,112.63,106.13
Saccade B,1,207,1533459686,1533526184,66498,500.49,767.79,505.44,749.06,1.42,26.87,0.50,21.31,1201.03,682.54,941.79
Fixation B,1,193,1533526184,1533759185,233001,498.58,724.86,8,21,-1,117.86,104.43
Saccade B,1,208,1533759185,1533858917,99732,491.64,717.98,486.30,709.47,1.01,17.33,0.50,10.10,695.55,357.16,559.50
Fixation B,1,194,1533858917,1533958801,99884,464.94,703.71,3,1,-1,114.33,106.33
Saccade B,1,209,1533958801,1534025299,66498,461.70,702.27,457.53,708.09,0.40,9.92,0.50,6.05,294.90,20.45,157.67
Fixation B,1,195,1534025299,1534158447,133148,444.04,708.93,23,14,-1,113.75,107.00
Saccade B,1,210,1534158447,1534258300,99853,421.70,711.78,407.75,710.38,1.40,19.57,0.50,14.05,660.32,297.62,440.50
Fixation B,1,196,1534258300,1534491180,232880,408.96,708.93,31,9,-1,114.14,110.14
Saccade B,1,211,1534491180,1534557800,66620,389.76,717.79,392.11,709.14,0.61,12.43,0.50,9.16,548.34,157.30,352.82
Fixation B,1,197,1534557800,1534724151,166351,394.15,707.22,8,7,-1,114.20,112.20
Saccade B,1,212,1534724151,1534790679,66528,399.42,603.41,409.55,468.00,11.12,188.16,0.50,167.19,4520.61,1303.62,2912.12
Fixation B,1,198,1534790679,1534857177,66498,414.17,433.60,4,1,-1,111.50,89.00
Saccade B,1,213,1534857177,1534923797,66620,423.91,436.38,476.53,412.73,3.03,79.72,0.50,45.46,2181.58,212.60,1197.09
Fixation B,1,199,1534923797,1535090179,166382,492.25,413.43,10,6,-1,109.80,85.80
Saccade B,1,214,1535090179,1535189910,99731,496.41,417.98,419.24,716.18,14.27,229.89,0.50,143.10,6872.97,211.80,2769.06
Fixation B,1,200,1535189910,1535389678,199768,441.24,693.34,25,15,-1,113.33,106.17
Saccade B,1,215,1535389678,1535456176,66498,455.97,689.13,454.42,701.67,0.65,17.53,0.50,9.79,472.24,206.37,339.31
Saccade B,1,216,1535489440,1535589294,99854,458.58,692.75,444.09,616.32,3.84,74.43,0.50,38.46,2208.97,265.75,1249.76
Fixation B,1,201,1535589294,1535755706,166412,459.09,610.87,14,3,-1,113.20,103.80
Saccade B,1,217,1535755706,1535922058,166352,462.51,619.20,477.29,756.39,7.20,9.14,0.50,43.26,3861.79,119.07,1319.60
Fixation B,1,202,1535922058,1536188293,266235,479.63,769.83,10,33,-1,122.44,110.89
Saccade B,1,218,1536188293,1536254791,66498,472.99,789.67,491.23,697.92,4.67,129.62,0.50,70.23,4162.88,425.45,2294.16
Saccade B,1,219,1536288055,1536354675,66620,474.51,805.99,457.98,656.84,8.64,207.94,0.50,129.75,7779.40,1485.62,4632.51
Fixation B,1,203,1536354675,1536454437,99762,464.64,621.56,5,8,-1,122.33,110.33
Saccade B,1,220,1536454437,1536521057,66620,475.30,607.91,485.99,584.65,1.75,35.47,0.50,26.24,581.12,304.18,442.65
Fixation B,1,204,1536521057,1536620819,99762,505.42,571.17,19,20,-1,123.00,108.33
Saccade B,1,221,1536620819,1536687408,66589,514.71,561.03,527.62,558.16,0.73,18.33,0.50,10.92,904.00,590.69,747.35
Fixation B,1,205,1536687408,1536753936,66528,527.84,559.40,0,1,-1,125.00,107.00
Saccade B,1,222,1536753936,1536820434,66498,525.34,561.88,516.83,567.66,0.61,14.28,0.50,9.23,303.81,93.41,198.61
Fixation B,1,206,1536853790,1537053436,199646,500.62,586.67,12,15,-1,119.67,106.50
Blink B,1,36,1537053436,1537419433,365997
Fixation B,1,207,1537419433,1537752166,332733,544.31,696.91,71,44,-1,128.10,115.80
Saccade B,1,223,1537752166,1537852050,99884,513.01,690.89,507.85,700.25,1.17,20.15,0.50,11.70,859.81,92.55,573.52
Fixation B,1,208,1537852050,1538218048,365998,508.32,592.81,35,77,-1,126.27,108.82
Saccade B,1,224,1538218048,1538284576,66528,528.25,571.59,540.38,688.40,5.94,162.74,0.50,89.22,5208.27,183.65,2695.96
Fixation B,1,209,1538284576,1538450927,166351,569.51,679.26,25,31,-1,129.20,110.20
Blink B,1,37,1538550781,1538883544,332763
Fixation B,1,210,1538883544,1539016693,133149,542.71,653.22,76,24,-1,128.00,111.25
Saccade B,1,225,1539016693,1539083190,66497,612.99,644.63,652.81,659.74,3.44,59.07,0.50,51.73,615.92,352.21,484.06
Fixation B,1,211,1539083190,1539249542,166352,753.89,670.64,109,46,-1,125.00,107.40
Saccade B,1,226,1539249542,1539316162,66620,817.37,687.81,815.26,636.37,3.21,71.02,0.50,48.24,1935.33,505.98,1220.66
Fixation B,1,212,1539316162,1539415924,99762,826.59,648.59,17,11,-1,118.00,105.00
Saccade B,1,227,1539415924,1539482543,66619,818.58,710.11,781.95,645.65,6.46,102.26,0.50,96.91,5610.57,2853.12,4231.85
Fixation B,1,213,1539482543,1539582305,99762,823.47,641.44,13,0,-1,123.67,105.67
Saccade B,1,228,1539582305,1539648925,66620,825.56,646.52,872.96,642.88,2.47,65.69,0.50,37.10,1900.02,308.19,1104.10
Fixation B,1,214,1539648925,1539715454,66529,892.58,639.65,0,4,-1,118.50,102.00
Blink B,1,38,1539715454,1540014923,299469
Saccade B,1,229,1540048187,1540114837,66650,979.16,638.73,879.04,637.77,5.83,138.88,0.50,87.50,8234.55,3835.53,6035.04
Fixation B,1,215,1540114837,1540214538,99701,756.45,688.10,75,129,-1,122.67,108.67
Saccade B,1,230,1540214538,1540281188,66650,674.13,641.77,408.17,584.60,18.82,376.95,0.50,282.43,9813.81,9377.55,9595.68
Fixation B,1,216,1540281188,1540846801,565613,469.28,568.83,111,11,-1,121.59,106.76
Saccade B,1,231,1540846801,1540979919,133118,500.96,568.42,842.35,781.08,18.68,316.21,0.50,140.29,9110.38,579.60,5652.55
Fixation B,1,217,1540979919,1541246185,266266,797.75,754.63,87,63,-1,119.25,110.13
Saccade B,1,232,1541246185,1541345947,99762,741.68,692.49,640.73,691.98,6.80,128.87,0.50,68.20,3837.81,109.96,1412.76
Fixation B,1,218,1541345947,1541445800,99853,585.45,669.29,11,68,-1,123.67,110.67
Blink B,1,39,1541445800,1542211181,765381
Fixation B,1,219,1542211181,1542277679,66498,584.56,695.98,3,36,-1,121.00,110.00
Saccade B,1,233,1542277679,1542377593,99914,643.10,658.71,723.71,609.18,7.15,117.04,0.50,71.57,3102.81,1178.65,2210.04
Fixation B,1,220,1542377593,1542610504,232911,716.48,589.41,19,20,-1,124.57,111.00
Saccade B,1,234,1542610504,1542710388,99884,703.82,580.00,701.07,569.14,0.64,12.91,0.50,6.37,313.93,218.81,277.88
Fixation B,1,221,1542710388,1542810119,99731,701.37,566.77,2,1,-1,128.33,109.00
Saccade B,1,235,1542810119,1542909912,99793,698.07,567.23,754.83,545.74,3.53,91.66,0.50,35.32,2980.96,96.47,1979.49
Fixation B,1,222,1542909912,1543043029,133117,743.67,539.61,9,2,-1,121.25,105.25
Saccade B,1,236,1543043029,1543142791,99762,759.74,521.82,885.77,319.17,12.25,170.59,0.50,122.77,4079.10,555.93,1936.44
Fixation B,1,223,1543142791,1543242675,99884,846.74,247.46,44,30,-1,115.33,76.67
Saccade B,1,237,1543242675,1543309417,66742,792.31,246.32,781.56,300.63,4.20,76.72,0.50,62.99,1994.07,1097.85,1545.96
Fixation B,1,224,1543309417,1543475524,166107,728.33,361.96,91,83,-1,121.60,90.20
Saccade B,1,238,1543475524,1543575408,99884,673.10,418.56,745.79,399.60,5.12,117.35,0.50,51.26,4049.17,552.28,2853.44
Fixation B,1,225,1543575408,1543908172,332764,699.01,389.05,35,18,-1,123.10,92.20
Saccade B,1,239,1543908172,1543974670,66498,652.45,406.60,475.74,459.92,10.66,256.25,0.50,160.32,5800.01,2142.61,3971.31
Saccade B,1,240,1544008026,1544141021,132995,480.98,451.74,506.14,426.51,1.65,18.96,0.50,12.40,485.44,105.29,357.33
Fixation B,1,226,1544141021,1544307464,166443,514.90,420.39,27,10,-1,114.20,87.80
Saccade B,1,241,1544307464,1544374114,66650,525.29,419.37,318.70,343.08,10.41,304.61,0.50,156.15,8928.94,605.64,4767.29
Fixation B,1,227,1544374114,1544839935,465821,347.93,360.80,159,68,-1,102.14,79.50
Saccade B,1,242,1544839935,1544906433,66498,388.72,391.00,398.28,390.15,0.71,13.31,0.50,10.61,536.75,351.13,443.94
Fixation B,1,228,1544906433,1545205932,299499,402.66,401.09,5,14,-1,96.89,74.78
Saccade B,1,243,1545205932,1545272430,66498,405.13,412.20,422.76,465.74,2.78,78.10,0.50,41.77,2201.48,111.14,1156.31
Blink B,1,40,1545305847,1545638549,332702
Fixation B,1,229,1545671813,1546403808,731995,411.15,456.30,37,77,-1,100.04,81.78
