Blink B,1,1,902696136,902862518,166382
Saccade B,1,1,902895751,902962402,66651,702.34,640.68,686.06,673.98,2.79,51.36,0.50,41.90,898.86,640.16,769.51
Fixation B,1,1,902962402,903195281,232879,690.40,672.08,6,3,-1,121.00,102.43
Saccade B,1,2,903195281,903261871,66590,698.67,669.29,735.92,639.73,2.50,65.89,0.50,37.56,1710.10,186.85,948.48
Fixation B,1,2,903261871,903494812,232941,738.45,638.36,3,7,-1,119.00,103.00
Saccade B,1,3,903494812,903561279,66467,559.90,670.71,251.53,728.69,22.73,435.20,0.50,342.03,7374.81,5608.06,6491.43
Blink B,1,2,903561279,904426574,865295
Fixation B,1,3,904459777,904659423,199646,195.91,723.55,8,12,-1,99.00,118.00
Blink B,1,3,904659423,905025421,365998
Saccade B,1,4,905058898,905191802,132904,889.08,882.83,936.52,833.90,7.23,52.05,0.50,54.37,5457.28,593.14,3134.44
Fixation B,1,4,905191802,905324920,133118,936.82,833.38,1,2,-1,126.25,117.00
Saccade B,1,5,905324920,905391540,66620,934.52,834.44,923.57,827.59,0.71,17.91,0.50,10.63,547.28,77.65,312.47
Fixation B,1,5,905391540,905491271,99731,909.90,828.37,14,2,-1,130.00,117.00
Saccade B,1,6,905491271,905558013,66742,927.40,836.16,1044.87,851.95,6.68,163.94,0.50,100.08,3840.75,1447.06,2643.90
Fixation B,1,6,905558013,905624572,66559,1036.23,843.18,1,5,-1,126.50,124.50
Blink B,1,4,905624572,906223419,598847
Fixation B,1,7,906223419,906456268,232849,507.10,642.62,3,8,-1,125.14,113.57
Saccade B,1,7,906456268,906523284,67016,546.68,648.54,712.69,657.35,9.71,230.36,0.50,144.94,5161.81,1851.36,3506.59
Fixation B,1,8,906523284,906622650,99366,718.38,653.25,2,5,-1,122.67,107.00
Fixation B,1,9,906755767,906889007,133240,899.29,658.74,7,3,-1,108.00,105.00
Fixation B,1,10,907055328,907254882,199554,705.82,629.89,21,29,-1,111.17,97.83
Fixation B,1,11,907421295,907554382,133087,720.11,630.57,5,13,-1,111.75,96.75
Saccade B,1,8,907554382,907620880,66498,723.90,631.49,671.09,608.55,2.73,79.93,0.50,41.08,2446.67,57.25,1251.96
Fixation B,1,12,907620880,908119995,499115,669.47,591.91,5,19,-1,131.00,109.20
Saccade B,1,9,908119995,908186614,66619,665.29,585.02,634.28,569.78,1.65,47.92,0.50,24.72,1396.81,3.95,700.38
Fixation B,1,13,908186614,908552612,365998,637.72,565.45,8,5,-1,127.73,104.00
Saccade B,1,10,908552612,908619110,66498,643.17,566.29,629.84,594.28,1.52,43.00,0.50,22.93,1339.49,152.83,746.16
Fixation B,1,14,908619110,908885345,266235,629.06,594.63,4,1,-1,127.63,106.63
Saccade B,1,11,908885345,908951904,66559,630.69,594.79,654.42,586.81,1.22,34.66,0.50,18.26,1024.97,69.27,547.12
Fixation B,1,15,908951904,910016845,1064941,659.70,584.10,9,8,-1,128.09,105.44
Saccade B,1,12,910016845,910083282,66437,661.92,580.55,649.62,567.74,0.90,24.68,0.50,13.48,676.14,59.54,367.84
Fixation B,1,16,910083282,910183166,99884,645.29,563.27,0,2,-1,127.33,102.33
Saccade B,1,13,910183166,910249664,66498,645.60,563.27,625.75,558.14,0.98,28.41,0.50,14.80,887.50,64.62,476.06
Fixation B,1,17,910249664,910682312,432648,618.66,556.04,5,5,-1,128.46,103.62
Saccade B,1,14,910682312,910748779,66467,622.59,557.41,633.27,559.16,0.70,15.01,0.50,10.54,279.46,219.30,249.38
Fixation B,1,18,910748779,910981842,233063,641.86,563.78,2,4,-1,131.43,107.29
Saccade B,1,15,910981842,911048278,66436,635.29,563.98,623.09,564.00,0.79,16.94,0.50,11.91,307.88,105.29,206.59
Fixation B,1,19,911048278,911281280,233002,623.24,563.91,6,2,-1,133.57,109.00
Saccade B,1,16,911281280,911347808,66528,626.78,560.53,635.37,558.61,0.52,12.20,0.50,7.80,385.82,179.76,282.79
Fixation B,1,20,911347808,911614044,266236,634.57,554.71,4,13,-1,133.88,110.25
Saccade B,1,17,911614044,911680572,66528,641.21,548.97,650.06,553.32,0.72,13.68,0.50,10.82,353.97,205.95,279.96
Fixation B,1,21,911680572,911813690,133118,651.24,561.34,2,4,-1,135.25,111.25
Saccade B,1,18,911813690,911880157,66467,470.05,631.42,210.38,711.19,21.49,376.42,0.50,323.27,8181.48,3241.88,5711.68
Fixation B,1,22,911880157,911946807,66650,220.25,707.57,13,4,-1,111.50,128.00
Blink B,1,5,911946807,912279571,332764
Fixation B,1,23,912312805,912412658,99853,740.29,579.52,1,1,-1,125.33,109.33
Saccade B,1,19,912412658,912479156,66498,740.49,579.95,703.37,571.76,1.78,52.67,0.50,26.70,1601.55,28.82,815.19
Fixation B,1,24,912479156,912645538,166382,681.97,533.88,35,49,-1,128.20,102.40
Blink B,1,6,912678802,912978271,299469
Fixation B,1,25,913011535,913444152,432617,529.02,681.00,157,19,-1,131.23,120.62
Saccade B,1,20,913444152,913510650,66498,551.77,686.26,541.89,699.42,1.18,22.80,0.50,17.77,310.80,220.32,265.56
Fixation B,1,26,913510650,913710388,199738,543.52,735.09,15,53,-1,129.33,117.50
Saccade B,1,21,913710388,913810150,99762,571.09,727.89,573.27,768.25,3.79,51.29,0.50,37.98,2953.49,1509.83,1993.28
Fixation B,1,27,913810150,914309295,499145,614.65,706.88,37,83,-1,134.20,118.33
Saccade B,1,22,914309295,914375885,66590,634.73,669.51,844.40,564.74,11.47,325.08,0.50,172.17,9238.35,636.66,4937.50
Fixation B,1,28,914375885,914974822,598937,803.16,510.62,400,47,-1,122.44,99.56
Saccade B,1,23,914974822,915041381,66559,640.21,524.28,631.40,524.51,0.64,12.18,0.50,9.65,482.61,198.82,340.72
Fixation B,1,29,915041381,915108428,67047,629.38,524.64,2,2,-1,123.00,95.50
Saccade B,1,24,915108428,915174591,66163,627.68,525.85,619.48,528.00,0.41,11.91,0.50,6.22,347.32,132.69,240.00
Fixation B,1,30,915174591,915274322,99731,618.61,528.46,3,1,-1,120.33,94.33
Saccade B,1,25,915274322,915374176,99854,612.10,529.50,604.94,525.47,0.73,11.82,0.50,7.27,407.87,55.04,242.67
Fixation B,1,31,915374176,915607025,232849,595.32,524.15,14,3,-1,122.86,97.00
Saccade B,1,26,915607025,915706909,99884,581.60,523.10,565.80,526.70,1.06,13.61,0.50,10.60,157.94,29.32,112.00
Fixation B,1,32,915706909,915806671,99762,548.22,528.70,17,0,-1,119.67,102.33
Saccade B,1,27,915806671,915939788,133117,528.93,528.72,724.57,568.35,9.58,18.95,0.50,71.99,6928.04,46.85,2203.68
Blink B,1,7,915973144,916272583,299439
Fixation B,1,33,916272583,916671905,399322,932.27,827.31,366,118,-1,123.33,124.08
Saccade B,1,28,916671905,916738403,66498,739.65,794.50,920.69,910.05,12.30,297.88,0.50,184.93,9598.83,2379.26,5989.05
Fixation B,1,34,916738403,916904785,166382,1051.61,999.05,80,35,-1,129.00,128.20
Saccade B,1,29,916904785,917004669,99884,996.81,1003.25,1329.67,1594.72,34.75,972.35,0.50,347.90,30206.27,319.45,10600.79
Saccade B,1,30,917037902,917104400,66498,1365.13,1672.33,1063.29,1191.88,26.14,786.24,0.50,393.12,23636.34,3557.83,13597.09
Saccade B,1,31,917137786,917204284,66498,1212.64,1305.61,182.89,188.50,78.25,2107.21,0.50,1176.73,69832.29,8047.19,38939.74
Saccade B,1,32,917237518,917304138,66620,789.67,649.28,-25.24,-1.48,49.66,1439.81,0.50,745.47,41681.11,34711.85,38196.48
Saccade B,1,33,917370666,917503784,133118,1192.43,1232.42,-208.57,3615.83,1119.29,3976.65,0.50,8408.22,1098578.03,33111.35,387815.09
Saccade B,1,34,917603759,917670227,66468,1496.84,-327.33,1217.13,1215.52,136.23,2178.73,0.50,2049.62,108997.29,95225.46,102111.38
Saccade B,1,35,917969665,918036163,66498,-160.69,2349.75,614.97,739.57,154.60,2476.61,0.50,2324.94,62527.12,9246.75,35886.94
Fixation B,1,35,918136077,918235809,99732,365.93,1173.52,0,0,-1,39.33,16.67
Saccade B,1,36,918269195,918335601,66406,366.33,1173.47,644.06,868.67,19.04,573.50,0.50,286.75,17304.39,15.42,8659.91
Fixation B,1,36,918468719,918668457,199738,1005.75,757.48,35,32,-1,125.83,110.67
Saccade B,1,37,918668457,918734954,66497,964.74,760.80,925.89,787.46,3.20,65.05,0.50,48.13,1117.62,189.63,653.63
Fixation B,1,37,918734954,918801544,66590,908.65,768.25,12,12,-1,129.50,112.50
Saccade B,1,38,918801544,918868011,66467,927.03,800.19,1038.01,946.17,10.54,253.87,0.50,158.52,5735.31,2635.53,4185.42
Fixation B,1,38,918868011,918967864,99853,1030.85,924.35,27,65,-1,131.00,123.67
Saccade B,1,39,918967864,919034362,66498,1000.43,862.49,1051.79,928.60,5.43,116.00,0.50,81.72,4892.58,179.17,2535.88
Fixation B,1,39,919034362,919134246,99884,1005.90,873.89,46,53,-1,125.33,126.00
Saccade B,1,40,919134246,919200744,66498,956.19,815.10,980.90,733.66,5.99,117.93,0.50,90.04,2932.54,799.16,1865.85
Fixation B,1,40,919200744,919300689,99945,924.55,787.97,17,58,-1,126.67,119.00
Saccade B,1,41,919300689,919400451,99762,958.44,737.76,880.83,782.90,7.15,119.19,0.50,71.68,5471.34,2295.58,3820.02
Fixation B,1,41,919400451,919699829,299378,814.63,740.28,95,36,-1,132.56,118.33
Saccade B,1,42,919699829,919766510,66681,776.17,725.52,771.14,715.42,0.76,15.58,0.50,11.39,254.07,241.71,247.89
Fixation B,1,42,919766510,919833007,66497,764.10,704.89,2,4,-1,136.00,120.00
Saccade B,1,43,919833007,919932922,99915,762.68,699.03,754.63,697.60,2.00,29.18,0.50,20.04,1611.81,122.13,820.63
Fixation B,1,43,919932922,920298858,365936,752.42,692.16,14,12,-1,133.55,117.18
Saccade B,1,44,920298858,920398712,99854,765.26,709.95,772.38,725.48,1.26,15.99,0.50,12.64,252.54,162.15,202.90
Saccade B,1,45,920431976,920498474,66498,791.23,712.15,659.27,665.21,7.57,194.26,0.50,113.90,6283.23,1106.29,3694.76
Fixation B,1,44,920498474,920565093,66619,654.32,729.96,22,12,-1,133.00,118.50
Saccade B,1,46,920565093,920631591,66498,665.86,707.04,505.06,644.15,9.30,239.25,0.50,139.90,6856.12,1972.01,4414.07
Saccade B,1,47,920664855,920731567,66712,400.03,600.08,242.51,557.59,13.72,225.45,0.50,205.62,6430.03,1351.49,3890.76
Fixation B,1,45,920764801,920864593,99792,227.75,527.23,56,15,-1,118.33,113.67
Blink B,1,8,920864593,921629913,765320
Fixation B,1,46,921663146,921829528,166382,700.69,692.07,82,104,-1,134.40,116.00
Saccade B,1,48,921829528,921929504,99976,656.38,637.99,631.88,592.22,3.25,49.08,0.50,32.49,1141.89,564.39,894.73
Fixation B,1,47,921929504,922095764,166260,643.26,565.02,4,15,-1,143.60,119.80
Saccade B,1,49,922095764,922162414,66650,642.44,579.20,650.91,616.99,2.73,53.66,0.50,40.95,977.09,801.23,889.16
Fixation B,1,48,922162414,922262145,99731,663.68,570.54,7,42,-1,146.33,122.33
Saccade B,1,50,922262145,922328765,66620,661.50,569.95,550.62,548.69,5.69,156.30,0.50,85.38,4505.30,530.94,2518.12
Fixation B,1,49,922328765,922561676,232911,566.73,585.16,30,56,-1,145.14,125.57
Saccade B,1,51,922561676,922661529,99853,593.93,626.96,369.82,565.56,11.45,205.66,0.50,114.63,4026.64,270.21,2327.50
Fixation B,1,50,922661529,922728027,66498,407.29,597.77,35,24,-1,133.50,126.50
Saccade B,1,52,922728027,922894409,166382,473.17,651.87,173.77,470.50,22.23,182.98,0.50,133.61,9372.84,926.07,4949.50
Fixation B,1,51,922894409,922994415,100006,172.64,473.09,23,15,-1,121.33,107.00
Saccade B,1,53,922994415,923060913,66498,329.15,482.07,518.94,503.65,15.53,264.69,0.50,233.59,5247.33,1869.96,3558.64
Blink B,1,9,923094604,923195739,101135
Fixation B,1,52,923195739,923426940,231201,678.26,568.84,73,18,-1,144.14,117.57
Blink B,1,10,923494567,923759582,265015
Fixation B,1,53,923759582,923826141,66559,738.97,974.10,12,12,-1,139.50,80.00
Saccade B,1,54,923826141,923892639,66498,743.24,894.25,739.71,1008.79,9.29,158.79,0.50,139.63,8386.75,4239.93,6313.34
Blink B,1,11,923925903,924025787,99884
Fixation B,1,54,924025787,924092254,66467,683.64,718.94,4,1,-1,132.00,111.50
Blink B,1,12,924092254,924391815,299561
Saccade B,1,55,924425018,924491638,66620,91.24,716.45,218.31,603.78,15.08,234.25,0.50,226.34,13536.76,6769.59,10153.18
Fixation B,1,55,924491638,924591400,99762,249.21,612.58,23,4,-1,115.33,116.67
Saccade B,1,56,924591400,924658020,66620,267.11,606.75,304.89,628.71,2.41,60.33,0.50,36.16,1658.77,167.15,912.96
Saccade B,1,57,924691314,924757812,66498,738.54,940.96,1156.11,1312.80,49.64,776.21,0.50,746.55,20922.55,2048.27,11485.41
Saccade B,1,58,924824401,924890899,66498,574.72,709.29,1805.41,-509.44,133.44,2399.98,0.50,2006.69,88414.57,51735.79,70075.18
Saccade B,1,59,925323547,925390014,66467,-6765.12,-5376.04,7679.39,-6857.51,1104.07,20138.84,0.50,16610.85,954108.35,434382.60,694245.47
Saccade B,1,60,925889129,925955780,66651,559.60,-14.15,986.61,1814.95,148.93,2590.81,0.50,2234.50,133709.93,43559.05,88634.49
Saccade B,1,61,925989044,926055541,66497,989.83,1781.28,506.64,-82.85,138.31,2668.48,0.50,2079.90,125038.53,91016.06,108027.30
Saccade B,1,62,926122161,926188690,66529,-4024.70,9978.46,875.17,1529.46,897.79,13546.30,0.50,13494.76,812105.65,405625.01,608865.33
Fixation B,1,56,926255279,926321807,66528,321.20,742.23,41,79,-1,125.50,99.50
Saccade B,1,63,926355041,926421661,66620,388.65,825.59,237.63,631.79,19.29,340.76,0.50,289.62,16512.77,9921.81,13217.29
Fixation B,1,57,926421661,926554656,132995,371.32,607.91,133,11,-1,120.50,121.25
Saccade B,1,64,926554656,926654663,100007,468.57,622.76,179.05,657.75,15.00,397.15,0.50,149.94,11731.53,415.22,4561.42
Fixation B,1,58,926654663,926787750,133087,356.98,647.78,166,63,-1,117.50,124.00
Saccade B,1,65,926787750,926854217,66467,425.39,701.11,267.83,668.15,8.55,223.26,0.50,128.58,6356.89,2819.58,4588.24
Fixation B,1,59,926854217,927020507,166290,437.42,687.54,216,16,-1,125.40,120.40
Saccade B,1,66,927020507,927087219,66712,566.83,672.35,590.87,596.99,5.18,109.21,0.50,77.69,2337.83,1157.36,1747.59
Blink B,1,13,927120422,927419891,299469
Fixation B,1,60,927419891,927519653,99762,365.90,624.48,10,8,-1,120.33,116.33
Saccade B,1,67,927553039,927619537,66498,379.74,633.36,661.28,589.87,13.42,395.11,0.50,201.85,11749.83,136.28,5943.05
Fixation B,1,61,927619537,927752655,133118,684.92,595.83,9,11,-1,127.75,106.50
Saccade B,1,68,927752655,927819152,66497,669.26,612.68,758.44,603.44,4.87,124.35,0.50,73.24,4301.87,520.51,2411.19
Fixation B,1,62,927819152,928484649,665497,759.70,597.44,14,29,-1,116.05,101.10
Blink B,1,14,928484649,928784149,299500
Fixation B,1,63,928784149,928950531,166382,333.42,636.65,58,11,-1,114.40,109.80
Saccade B,1,69,928983764,929083648,99884,308.88,641.94,770.16,567.77,21.76,425.43,0.50,217.88,12621.01,314.66,6381.23
Fixation B,1,64,929083648,929349914,266266,728.56,551.90,53,21,-1,117.63,102.63
Saccade B,1,70,929349914,929449676,99762,691.15,534.50,676.99,510.68,1.97,21.02,0.50,19.70,233.47,135.72,191.75
Fixation B,1,65,929449676,929616027,166351,655.94,485.08,27,20,-1,129.40,98.60
Saccade B,1,71,929616027,929682678,66651,635.02,479.60,623.35,483.69,0.89,17.15,0.50,13.38,228.66,62.78,145.72
Fixation B,1,66,929682678,929982177,299499,617.58,478.75,8,21,-1,128.11,97.44
Saccade B,1,72,929982177,930048645,66468,612.62,469.56,603.82,464.24,0.56,14.26,0.50,8.47,353.21,80.23,216.72
Fixation B,1,67,930048645,930248260,199615,595.56,439.29,14,42,-1,123.00,91.67
Saccade B,1,73,930248260,930314910,66650,596.71,405.71,609.28,399.52,1.18,19.40,0.50,17.68,442.04,211.21,326.62
Fixation B,1,68,930314910,930381408,66498,599.62,399.69,10,1,-1,125.00,88.50
Saccade B,1,74,930381408,930447906,66498,586.48,399.46,578.36,404.92,0.81,13.57,0.50,12.24,212.29,130.03,171.16
Blink B,1,15,930447906,931013641,565735
Blink B,1,16,931046905,931246520,199615
Fixation B,1,69,931279907,931346405,66498,769.18,830.66,54,184,-1,124.50,113.00
Saccade B,1,75,931346405,931412902,66497,740.28,920.45,778.06,849.55,3.83,111.32,0.50,57.62,8101.74,3288.16,5694.95
Fixation B,1,70,931412902,931479522,66620,781.19,885.03,21,58,-1,127.50,107.00
Blink B,1,17,931479522,931579284,99762
Blink B,1,18,931612640,931912597,299957
Fixation B,1,71,931946807,932045440,98633,616.58,728.99,24,59,-1,133.67,124.00
Saccade B,1,76,932045440,932113586,68146,552.42,666.51,353.32,681.57,15.60,271.94,0.50,228.98,8367.65,6929.64,7648.64
Fixation B,1,72,932113586,932212860,99274,279.84,546.91,29,4,-1,119.33,117.00
Saccade B,1,77,932212860,932311401,98541,360.59,580.46,167.66,571.24,12.06,191.79,0.50,122.36,5408.78,1636.54,3509.08
Fixation B,1,73,932311401,932377899,66498,107.74,543.79,102,18,-1,117.50,116.50
Saccade B,1,78,932411163,932577514,166351,363.90,621.98,367.43,644.99,32.17,260.34,0.50,193.38,13064.70,660.88,4882.66
Fixation B,1,74,932577514,932710632,133118,468.37,625.15,178,42,-1,133.50,122.00
Blink B,1,19,932777282,932877014,99732
Blink B,1,20,932910400,933209747,299347
Blink B,1,21,933243164,933409515,166351
Fixation B,1,75,933409515,933509277,99762,746.32,780.56,120,73,-1,135.00,123.00
Saccade B,1,79,933509277,933575897,66620,777.33,786.54,766.23,636.33,8.81,208.91,0.50,132.23,4753.48,4685.37,4719.42
Saccade B,1,80,933609161,933708892,99731,746.21,709.35,721.57,706.33,8.20,121.49,0.50,82.22,6872.52,3204.43,4608.61
Fixation B,1,76,933708892,933941894,233002,709.07,697.65,19,44,-1,134.86,116.71
Saccade B,1,81,933941894,934008483,66589,694.91,703.69,665.80,613.97,4.56,130.70,0.50,68.46,3858.27,125.22,1991.75
Fixation B,1,77,934008483,934075042,66559,640.32,630.39,17,5,-1,136.50,118.00
Saccade B,1,82,934075042,934141510,66468,607.47,496.33,548.80,352.32,13.54,215.67,0.50,203.71,5888.97,1486.35,3687.66
Fixation B,1,78,934141510,934241424,99914,521.31,287.13,30,40,-1,133.33,72.33
Blink B,1,22,934241424,934574157,332733
Fixation B,1,79,934574157,934640655,66498,422.76,163.07,6,24,-1,126.50,70.50
Blink B,1,23,934640655,934840270,199615
Blink B,1,24,934873657,935272888,399231
Fixation B,1,80,935272888,935372772,99884,312.04,270.54,120,30,-1,124.67,86.33
Saccade B,1,83,935372772,935505767,132995,275.03,305.64,139.62,365.13,12.10,129.35,0.50,91.00,5563.05,448.46,2475.82
Saccade B,1,84,935539123,935605651,66528,208.21,392.76,285.69,409.99,7.05,109.88,0.50,106.03,6334.70,570.71,3452.71
Fixation B,1,81,935605651,935672149,66498,222.61,380.56,4,8,-1,116.00,92.00
Saccade B,1,85,935672149,935738800,66651,219.97,386.29,351.69,418.71,6.69,187.28,0.50,100.43,5544.67,763.55,3154.11
Saccade B,1,86,935772033,935871948,99915,397.20,382.39,538.06,408.48,9.14,135.71,0.50,91.51,2560.66,2351.14,2439.42
Fixation B,1,82,935871948,935971649,99701,632.23,371.58,81,21,-1,132.33,86.67
Saccade B,1,87,935971649,936071533,99884,693.08,376.19,758.22,327.02,5.63,81.20,0.50,56.36,2653.03,1598.66,2085.29
Fixation B,1,83,936071533,936237915,166382,817.16,387.99,57,62,-1,122.20,84.40
Saccade B,1,88,936237915,936304412,66497,797.91,410.58,719.73,406.87,5.57,108.46,0.50,83.80,2168.18,1497.72,1832.95
Fixation B,1,84,936304412,936470794,166382,710.80,412.38,11,5,-1,121.00,85.40
Saccade B,1,89,936470794,936537475,66681,703.07,392.46,712.53,372.63,1.95,30.33,0.50,29.29,738.17,563.51,650.84
Fixation B,1,85,936537475,936770294,232819,737.49,370.13,21,4,-1,122.57,81.86
Saccade B,1,90,936770294,936836914,66620,736.74,368.21,718.97,366.67,1.12,24.74,0.50,16.84,477.74,267.41,372.58
Fixation B,1,86,936836914,936936645,99731,690.22,376.31,31,6,-1,128.33,86.00
Saccade B,1,91,936936645,937003265,66620,644.01,389.41,591.56,428.25,4.51,90.44,0.50,67.77,1497.34,768.35,1132.85
Fixation B,1,87,937003265,937103027,99762,624.86,410.98,39,19,-1,131.00,87.33
Saccade B,1,92,937103027,937202911,99884,673.73,393.27,496.90,451.29,9.98,170.68,0.50,99.96,3881.62,292.15,2265.62
Fixation B,1,88,937202911,937269378,66467,513.04,436.82,15,6,-1,127.50,92.00
Saccade B,1,93,937269378,937336029,66651,531.85,427.04,579.49,432.91,2.81,66.51,0.50,42.20,1610.16,186.34,898.25
Saccade B,1,94,937369293,937435791,66498,512.21,424.94,411.08,418.90,9.26,140.52,0.50,139.22,5477.24,105.26,2791.25
Fixation B,1,89,937435791,937502410,66619,475.53,407.02,54,3,-1,127.00,90.00
Saccade B,1,95,937502410,937568908,66498,490.43,390.10,428.23,393.71,3.76,86.33,0.50,56.51,2792.15,2223.56,2507.85
Fixation B,1,90,937568908,937668762,99854,491.05,399.59,84,17,-1,129.67,92.33
Saccade B,1,96,937668762,937801940,133178,550.92,412.56,651.45,425.18,4.75,60.09,0.50,35.68,1698.74,756.02,1270.25
Fixation B,1,91,937801940,938034790,232850,686.74,409.21,111,23,-1,133.86,94.00
Saccade B,1,97,938034790,938101287,66497,763.77,413.45,693.00,396.97,3.99,100.78,0.50,59.94,3601.14,264.55,1932.84
Saccade B,1,98,938134643,938201141,66498,703.17,393.13,711.99,397.82,0.88,13.84,0.50,13.26,330.44,257.00,293.72
Fixation B,1,92,938201141,938301055,99914,711.04,398.13,2,6,-1,133.00,93.00
Saccade B,1,99,938301055,938367584,66529,711.15,391.03,700.73,406.16,1.01,25.50,0.50,15.14,905.84,157.55,531.70
Fixation B,1,93,938367584,938467437,99853,720.55,398.61,19,23,-1,131.00,86.67
Saccade B,1,100,938467437,938533905,66468,695.35,378.62,681.10,358.36,2.06,34.35,0.50,31.02,472.03,103.93,287.98
Fixation B,1,94,938533905,938667022,133117,642.00,346.50,84,34,-1,131.25,78.00
Saccade B,1,101,938667022,938733520,66498,618.18,503.52,735.68,798.82,22.70,440.40,0.50,341.33,8071.57,6407.73,7239.65
Fixation B,1,95,938733520,938800170,66650,712.87,773.94,16,13,-1,136.50,122.50
Saccade B,1,102,938800170,938866668,66498,682.22,737.46,718.95,792.86,4.78,92.10,0.50,71.84,4317.23,728.04,2522.64
Blink B,1,25,938866668,939099639,232971
Fixation B,1,96,939099639,939665283,565644,824.17,650.70,177,178,-1,127.12,115.00
Saccade B,1,103,939665283,939731781,66498,927.52,535.37,906.05,537.26,1.92,29.87,0.50,28.91,1624.79,488.41,1056.60
Fixation B,1,97,939731781,939798400,66619,892.48,520.21,12,11,-1,123.00,105.50
Saccade B,1,104,939798400,939864898,66498,879.51,501.80,847.51,488.32,2.27,48.11,0.50,34.11,1051.60,244.86,648.23
Fixation B,1,98,939864898,940330780,465882,773.42,448.51,105,52,-1,129.79,97.93
Saccade B,1,105,940330780,940397399,66619,813.76,429.93,799.64,430.45,0.82,19.58,0.50,12.33,740.80,267.48,504.14
Saccade B,1,106,940430664,940497161,66497,758.10,440.50,598.33,458.60,9.09,223.02,0.50,136.67,5204.93,1248.09,3226.51
Fixation B,1,99,940497161,940597045,99884,591.96,459.52,5,1,-1,129.67,100.00
Saccade B,1,107,940597045,940663543,66498,612.45,462.11,594.97,478.40,1.89,33.14,0.50,28.49,1571.19,494.48,1032.84
Fixation B,1,100,940663543,940829895,166352,648.81,481.65,90,8,-1,136.40,104.60
Blink B,1,26,940829895,941295776,465881
Fixation B,1,101,941295776,941728393,432617,628.13,498.54,397,110,-1,131.92,104.54
Saccade B,1,108,941728393,941828155,99762,536.28,536.08,528.05,535.79,0.84,11.35,0.50,8.40,672.47,228.00,419.77
Fixation B,1,102,941828155,941961273,133118,514.57,537.57,4,8,-1,131.25,107.75
Saccade B,1,109,941961273,942061157,99884,508.45,559.56,519.25,524.33,2.74,38.40,0.50,27.44,2022.77,844.68,1270.03
Fixation B,1,103,942061157,942393920,332763,571.61,528.41,50,19,-1,136.30,108.30
Saccade B,1,110,942393920,942460388,66468,549.39,546.64,676.68,598.61,6.92,190.69,0.50,104.04,6133.69,141.04,3137.36
Fixation B,1,104,942460388,942626800,166412,672.41,616.80,31,6,-1,137.40,118.60
Saccade B,1,111,942626800,942726654,99854,642.36,611.91,921.72,622.51,13.54,344.81,0.50,135.55,9094.40,338.62,3744.10
Fixation B,1,105,942726654,942859771,133117,997.04,645.14,91,46,-1,119.00,114.25
Saccade B,1,112,942859771,942959533,99762,1027.08,698.12,1002.24,764.00,14.82,244.12,0.50,148.56,11804.61,791.61,6027.54
Fixation B,1,106,942959533,943092651,133118,831.76,644.12,94,44,-1,128.00,121.50
Saccade B,1,113,943092651,943192535,99884,751.33,688.28,734.93,587.54,8.25,113.24,0.50,82.63,6061.31,2600.29,3990.56
Fixation B,1,107,943192535,943325531,132996,728.42,503.15,22,26,-1,132.50,103.50
Saccade B,1,114,943325531,943425384,99853,737.43,486.63,689.08,438.87,4.05,57.59,0.50,40.60,1906.68,460.55,1283.09
Fixation B,1,108,943425384,943824768,399384,560.61,471.96,327,87,-1,124.17,99.67
Saccade B,1,115,943824768,943891296,66528,779.28,528.84,784.56,438.86,5.46,124.90,0.50,82.10,4160.91,980.29,2570.60
Fixation B,1,109,943891296,943957794,66498,860.39,488.05,4,4,-1,117.00,102.00
Saccade B,1,116,943957794,944024475,66681,850.03,561.63,805.99,447.81,8.97,168.65,0.50,134.56,7789.68,2882.42,5336.05
Fixation B,1,110,944024475,944124176,99701,789.28,451.38,19,3,-1,130.33,103.00
Saccade B,1,117,944124176,944224029,99853,780.03,448.67,540.17,509.56,11.66,343.93,0.50,116.82,10369.99,181.16,3653.22
Fixation B,1,111,944224029,944323913,99884,451.34,511.01,115,31,-1,125.33,103.67
Saccade B,1,118,944323913,944456909,132996,542.95,500.16,333.61,523.82,14.83,277.64,0.50,111.47,9827.37,657.10,6045.61
Fixation B,1,112,944456909,944556793,99884,340.71,521.51,14,4,-1,123.33,108.33
Saccade B,1,119,944556793,944623291,66498,349.37,516.22,284.72,529.51,3.20,91.54,0.50,48.19,2844.36,244.80,1544.58
Fixation B,1,113,944623291,944689941,66650,303.85,530.00,3,0,-1,124.00,109.00
Saccade B,1,120,944689941,944789642,99701,303.25,526.18,749.38,678.69,21.95,528.57,0.50,220.11,12148.04,285.42,5452.40
Fixation B,1,114,944789642,944856262,66620,1078.41,840.78,192,60,-1,100.50,123.50
Blink B,1,27,944856262,945388641,532379
Blink B,1,28,945521820,945621673,99853
Blink B,1,29,945688171,945954406,266235
Saccade B,1,121,945987670,946054138,66468,671.23,755.91,708.37,905.32,7.51,213.53,0.50,113.01,6049.69,1771.17,3910.43
Fixation B,1,115,946054138,946120819,66681,673.60,794.17,7,29,-1,135.50,124.50
Blink B,1,30,946120819,946320404,199585
Fixation B,1,116,946320404,946420288,99884,633.62,718.53,10,71,-1,135.33,123.00
Blink B,1,31,946420288,947085784,665496
Blink B,1,32,947119079,947884277,765198
Fixation B,1,117,947884277,947950897,66620,158.95,400.37,113,40,-1,112.50,98.50
Saccade B,1,122,947950897,948017395,66498,230.21,457.94,93.87,535.38,9.06,217.27,0.50,136.21,6494.73,4143.48,5319.10
Saccade B,1,123,948050628,948117279,66651,114.37,588.16,258.97,569.00,11.44,201.20,0.50,171.58,8746.44,2008.55,5377.50
Blink B,1,33,948150512,948250427,99915
Fixation B,1,118,948283660,948949157,665497,732.18,589.65,331,59,-1,126.55,113.20
Saccade B,1,124,948949157,949015655,66498,720.53,568.92,685.30,559.25,2.24,50.67,0.50,33.65,1044.75,53.04,548.90
Fixation B,1,119,949015655,949481536,465881,730.43,562.64,109,39,-1,124.86,104.79
Saccade B,1,125,949481536,949548156,66620,765.23,590.07,742.99,581.30,1.39,33.16,0.50,20.83,917.87,34.60,476.23
Fixation B,1,120,949548156,949614654,66498,729.52,567.49,0,2,-1,126.00,103.00
Saccade B,1,126,949614654,949714538,99884,730.16,572.54,737.11,597.22,1.36,23.56,0.50,13.61,549.47,61.21,320.02
Fixation B,1,121,949714538,949880950,166412,712.38,594.36,50,23,-1,128.40,110.20
Saccade B,1,127,949880950,949980651,99701,750.34,606.29,725.69,581.44,2.57,56.32,0.50,25.80,1990.15,501.72,1481.14
Fixation B,1,122,949980651,950246948,266297,752.45,594.95,15,18,-1,125.75,111.63
Saccade B,1,128,950246948,950313415,66467,752.54,613.42,736.15,633.84,1.69,36.32,0.50,25.40,688.03,426.48,557.25
Fixation B,1,123,950313415,950612915,299500,746.55,546.86,13,130,-1,128.33,106.22
Saccade B,1,129,950612915,950679534,66619,730.33,501.92,519.17,627.71,12.23,340.90,0.50,183.52,9472.75,780.78,5126.77
Fixation B,1,124,950679534,950779266,99732,522.82,634.84,24,19,-1,127.00,114.67
Saccade B,1,130,950779266,950945678,166412,546.01,618.26,618.09,374.90,12.81,135.37,0.50,76.99,4648.89,270.52,2648.86
Fixation B,1,125,950945678,951112030,166352,660.14,392.86,79,65,-1,126.80,79.40
Saccade B,1,131,951112030,951178649,66619,708.84,436.27,677.29,396.52,2.99,70.26,0.50,44.91,2680.08,653.63,1666.85
Fixation B,1,126,951178649,951278411,99762,697.69,369.60,20,46,-1,126.00,78.33
Saccade B,1,132,951278411,951345031,66620,702.99,343.63,751.28,394.12,3.41,96.46,0.50,51.22,2717.22,1977.92,2347.57
Fixation B,1,127,951345031,951478149,133118,735.30,393.91,101,71,-1,123.25,76.25
Saccade B,1,133,951478149,951544677,66528,784.88,458.49,771.11,346.38,9.82,156.52,0.50,147.58,8580.37,2679.56,5629.97
Fixation B,1,128,951544677,951744293,199616,846.56,365.11,48,17,-1,124.83,84.67
Saccade B,1,134,951744293,951810913,66620,833.08,383.18,806.29,412.82,3.62,55.41,0.50,54.31,1738.97,513.58,1126.28
Fixation B,1,129,951810913,952010528,199615,805.36,368.17,17,52,-1,126.50,84.83
Saccade B,1,135,952010528,952077056,66528,817.67,346.06,835.42,390.10,2.37,65.80,0.50,35.61,1967.47,251.47,1109.47
Fixation B,1,130,952077056,952210174,133118,859.84,396.41,8,17,-1,128.75,91.50
Saccade B,1,136,952210174,952276702,66528,865.88,396.16,878.42,545.57,7.24,207.95,0.50,108.81,5967.27,442.35,3204.81
Fixation B,1,131,952276702,952376556,99854,891.44,585.05,16,22,-1,119.00,114.33
Saccade B,1,137,952376556,952443054,66498,938.53,641.84,1002.50,736.80,9.34,158.80,0.50,140.42,4304.58,1153.47,2729.02
Fixation B,1,132,952443054,952676025,232971,894.18,614.56,150,173,-1,122.14,114.00
Saccade B,1,138,952676025,952775909,99884,813.43,518.07,875.58,527.70,6.74,125.37,0.50,67.49,4983.16,241.09,3299.17
Fixation B,1,133,952775909,953008789,232880,768.73,440.12,161,80,-1,128.43,97.29
Saccade B,1,139,953008789,953075286,66497,677.85,413.15,701.34,394.95,1.88,41.18,0.50,28.32,1481.44,813.39,1147.42
Saccade B,1,140,953108673,953175170,66497,751.10,387.35,823.68,548.70,9.43,245.39,0.50,141.88,7056.96,293.39,3675.18
Fixation B,1,134,953175170,953341552,166382,746.98,399.66,75,31,-1,131.20,94.60
Saccade B,1,141,953341552,953408050,66498,674.50,431.84,639.87,444.63,3.10,51.15,0.50,46.68,316.07,146.26,231.16
Fixation B,1,135,953408050,953774169,366119,710.21,460.47,157,35,-1,135.55,103.09
Saccade B,1,142,953774169,953840667,66498,759.39,485.61,936.85,494.52,8.73,246.44,0.50,131.29,7880.62,60.93,3970.78
Fixation B,1,136,953840667,954140167,299500,905.37,461.43,174,32,-1,128.11,104.56
Saccade B,1,143,954140167,954306518,166351,752.12,463.67,652.38,517.00,13.06,124.21,0.50,78.50,5298.51,476.68,2960.56
Fixation B,1,137,954306518,954572784,266266,589.70,512.89,96,19,-1,128.88,108.13
Saccade B,1,144,954572784,954639282,66498,549.13,525.06,391.11,646.08,10.81,275.81,0.50,162.56,6809.55,2208.60,4509.07
Fixation B,1,138,954639282,955005279,365997,503.41,610.13,104,65,-1,131.18,118.27
Saccade B,1,145,955005279,955071929,66650,538.04,584.14,555.99,580.12,1.23,25.49,0.50,18.39,446.45,116.81,281.63
Fixation B,1,139,955071929,955171661,99732,584.75,572.24,25,7,-1,136.33,115.67
Saccade B,1,146,955171661,955238311,66650,613.59,570.57,714.71,580.61,5.44,140.81,0.50,81.56,3562.48,169.94,1866.21
Fixation B,1,140,955238311,955404663,166352,785.59,595.55,55,12,-1,131.80,117.20
Saccade B,1,147,955404663,955471160,66497,815.82,586.77,831.15,583.74,1.16,21.65,0.50,17.38,415.89,193.10,304.50
Fixation B,1,141,955471160,955803924,332764,833.23,548.26,15,39,-1,125.80,112.90
Saccade B,1,148,955803924,955870544,66620,835.11,547.46,965.34,672.13,8.59,250.04,0.50,128.90,7291.58,104.78,3698.18
Fixation B,1,142,955870544,955970306,99762,949.05,722.66,41,4,-1,122.33,120.67
Saccade B,1,149,955970306,956070159,99853,916.07,636.20,848.79,492.56,11.64,148.57,0.50,116.52,3519.08,1014.13,2511.12
Fixation B,1,143,956070159,956269805,199646,787.79,497.45,74,26,-1,130.00,107.00
Saccade B,1,150,956269805,956336303,66498,823.30,569.85,1036.05,672.76,15.24,327.78,0.50,229.16,6041.38,4475.34,5258.36
Fixation B,1,144,956336303,956402893,66590,994.33,682.80,43,5,-1,121.50,126.00
Saccade B,1,151,956436157,956536041,99884,905.52,601.63,1310.95,1075.59,34.14,653.07,0.50,341.83,14274.18,4667.28,10034.59
Blink B,1,34,956536041,956635803,99762
Saccade B,1,152,956669036,956735687,66651,753.19,702.81,920.46,874.14,16.64,330.57,0.50,249.67,14623.07,4678.09,9650.58
Fixation B,1,145,956735687,956835449,99762,981.72,881.82,84,15,-1,127.67,125.33
Blink B,1,35,956902099,957201538,299439
Saccade B,1,153,957234771,957301300,66529,1077.30,1174.94,914.83,857.61,18.64,494.01,0.50,280.15,15506.21,12192.76,13849.48
Fixation B,1,146,957301300,957367919,66619,876.57,844.16,26,7,-1,132.00,125.00
Saccade B,1,154,957367919,957534301,166382,839.67,788.46,776.92,609.02,28.48,198.91,0.50,171.17,16913.87,1824.52,9681.31
Saccade B,1,155,957567565,957634033,66468,758.44,593.24,721.25,537.24,4.22,93.24,0.50,63.45,1852.05,303.59,1077.82
Saccade B,1,156,957700683,957767150,66467,658.98,664.05,644.72,434.24,20.45,319.35,0.50,307.70,18486.19,11579.65,15032.92
Fixation B,1,147,957767150,957833801,66651,618.35,537.35,7,13,-1,131.00,104.00
Saccade B,1,157,957833801,957900299,66498,598.38,582.37,554.97,480.01,7.62,154.07,0.50,114.52,6515.00,2731.82,4623.41
Fixation B,1,148,957900299,958033447,133148,530.43,433.24,26,56,-1,130.50,102.75
Saccade B,1,158,958033447,958099914,66467,576.88,385.92,643.91,373.99,6.08,94.43,0.50,91.45,3081.29,406.36,1743.82
Fixation B,1,149,958099914,958266296,166382,616.02,391.74,29,69,-1,133.80,95.80
Saccade B,1,159,958266296,958332977,66681,593.40,386.24,603.24,342.97,2.47,61.55,0.50,37.10,2140.92,1046.69,1593.81
Fixation B,1,150,958332977,958432708,99731,595.73,345.46,4,2,-1,139.33,97.00
Saccade B,1,160,958432708,958499298,66590,582.20,346.28,564.18,346.47,1.37,25.02,0.50,20.64,454.33,273.35,363.84
Saccade B,1,161,958532531,958599029,66498,557.19,348.98,547.29,350.32,0.62,13.84,0.50,9.36,269.86,66.80,168.33
Fixation B,1,151,958599029,958698913,99884,544.79,353.77,5,1,-1,136.33,98.00
Blink B,1,36,958732177,958865295,133118
Blink B,1,37,958898559,958998443,99884
Saccade B,1,162,959031677,959098175,66498,550.99,387.36,407.63,389.11,7.20,198.85,0.50,108.30,6473.04,3348.37,4910.70
Fixation B,1,152,959098175,959231292,133117,399.68,416.33,53,24,-1,131.75,104.25
Saccade B,1,163,959231292,959331176,99884,457.26,438.55,268.55,391.03,10.36,173.41,0.50,103.77,4096.14,283.52,2247.42
Fixation B,1,153,959331176,959430908,99732,314.68,403.53,92,8,-1,128.33,105.00
Saccade B,1,164,959430908,959497528,66620,403.03,407.12,267.16,404.36,8.07,187.63,0.50,121.08,7252.30,652.81,3952.55
Blink B,1,38,959497528,959996673,499145
Fixation B,1,154,960029907,960429168,399261,615.53,505.58,244,130,-1,132.00,105.92
Saccade B,1,165,960429168,960495819,66651,696.82,442.40,728.47,397.58,2.96,75.75,0.50,44.46,1963.99,258.21,1111.10
Fixation B,1,155,960495819,960562286,66467,721.37,404.29,3,8,-1,129.00,91.00
Saccade B,1,166,960562286,960628906,66620,726.90,407.58,748.56,399.94,1.39,31.68,0.50,20.87,656.95,585.76,621.35
Fixation B,1,156,960628906,960695404,66498,759.15,387.17,19,42,-1,125.50,86.50
Saccade B,1,167,960695404,960762084,66680,743.80,363.05,689.59,346.82,3.78,78.41,0.50,56.68,2469.50,1333.97,1901.74
Fixation B,1,157,960762084,960861785,99701,702.63,318.32,5,15,-1,129.33,78.00
Saccade B,1,168,960861785,960928436,66651,695.92,303.57,720.49,291.76,2.13,37.77,0.50,31.99,1431.31,1220.92,1326.12
Fixation B,1,158,960928436,961128051,199615,730.40,276.39,36,17,-1,130.83,71.00
Saccade B,1,169,961128051,961294433,166382,762.66,337.64,723.33,299.03,11.67,96.26,0.50,70.13,5442.97,1546.51,3533.62
Fixation B,1,159,961294433,961527282,232849,674.36,336.03,83,92,-1,130.57,73.71
Saccade B,1,170,961527282,961593933,66651,725.72,300.49,654.31,269.22,4.62,108.02,0.50,69.37,3961.49,516.86,2239.17
Blink B,1,39,961627166,961726928,99762
Fixation B,1,160,961726928,961793548,66620,721.22,265.85,19,9,-1,129.00,62.50
Saccade B,1,171,961793548,961860046,66498,739.09,274.89,753.27,235.36,2.36,58.14,0.50,35.54,1846.05,501.60,1173.83
Fixation B,1,161,961860046,961926666,66620,749.20,267.53,2,17,-1,129.00,67.50
Saccade B,1,172,961926666,961993194,66528,743.82,273.34,692.01,265.10,3.11,72.70,0.50,46.68,2203.81,1313.91,1758.86
Fixation B,1,162,961993194,962059814,66620,666.79,280.59,36,20,-1,128.50,66.50
Saccade B,1,173,962059814,962126312,66498,666.47,294.95,596.06,499.87,10.85,300.52,0.50,163.19,8668.89,2364.13,5516.51
Fixation B,1,163,962126312,962292663,166351,632.54,608.85,77,39,-1,134.80,110.20
Saccade B,1,174,962292663,962392578,99915,670.55,521.39,701.95,287.05,14.32,187.04,0.50,143.36,2879.36,2572.25,2713.33
Fixation B,1,164,962392578,962592193,199615,683.74,240.13,22,27,-1,128.17,67.83
Saccade B,1,175,962592193,962658691,66498,677.41,244.00,691.55,218.94,1.70,39.91,0.50,25.61,1450.40,350.69,900.54
Fixation B,1,165,962658691,962758544,99853,697.21,220.18,33,9,-1,99.67,50.00
Saccade B,1,176,962758544,962825042,66498,688.94,181.30,754.03,136.72,5.44,109.22,0.50,81.82,2277.75,2235.45,2256.60
Fixation B,1,166,962825042,962958160,133118,749.08,89.87,7,64,-1,73.00,37.50
Saccade B,1,177,962958160,963024719,66559,759.40,83.59,838.25,146.80,5.60,140.04,0.50,84.19,3399.85,801.77,2100.81
Fixation B,1,167,963024719,963257690,232971,804.06,128.50,116,84,-1,90.86,53.57
Saccade B,1,178,963257690,963390808,133118,893.78,174.34,970.21,243.96,16.61,137.27,0.50,124.80,11178.07,2292.50,6087.57
Saccade B,1,179,963424102,963557189,133087,974.81,176.70,856.91,205.11,17.22,133.65,0.50,129.40,8115.94,1067.63,5712.50
Saccade B,1,180,963623657,963756805,133148,823.33,90.37,888.31,263.61,26.94,359.89,0.50,202.37,16856.81,7357.91,11324.36
Fixation B,1,168,963756805,963889923,133118,872.05,208.78,50,163,-1,111.75,61.25
Saccade B,1,181,963889923,963989685,99762,807.45,459.13,826.03,977.75,32.02,463.17,0.50,320.96,7641.02,565.36,4986.11
Fixation B,1,169,963989685,964322448,332763,732.94,631.63,50,399,-1,132.00,109.00
Saccade B,1,182,964322448,964389038,66590,743.96,414.73,696.78,522.91,6.25,163.09,0.50,93.84,5617.12,481.09,3049.10
Fixation B,1,170,964389038,964588684,199646,698.23,572.41,12,49,-1,136.17,111.00
Saccade B,1,183,964588684,964655181,66497,686.14,606.84,672.78,616.99,1.23,23.25,0.50,18.45,358.02,74.32,216.17
Saccade B,1,184,964688537,964755035,66498,685.46,593.39,640.41,536.68,4.92,100.18,0.50,74.02,2837.47,1763.01,2300.24
Saccade B,1,185,964788299,964854919,66620,604.42,485.00,582.39,394.71,6.55,128.78,0.50,98.37,2210.64,1482.54,1846.59
Fixation B,1,171,964854919,964987976,133057,665.39,419.84,106,35,-1,133.00,94.50
Saccade B,1,186,964987976,965054565,66589,699.38,422.98,600.18,380.91,5.94,149.04,0.50,89.28,3608.36,2109.46,2858.91
Fixation B,1,172,965054565,965187683,133118,579.64,340.86,75,90,-1,130.75,82.25
Saccade B,1,187,965187683,965254180,66497,516.67,394.10,558.08,287.66,10.07,158.41,0.50,151.45,9090.05,5403.08,7246.57
Fixation B,1,173,965254180,965387298,133118,624.79,285.67,99,17,-1,130.50,77.25
Blink B,1,40,965387298,965720031,332733
Fixation B,1,174,965753295,966152679,399384,749.65,572.36,543,38,-1,128.25,111.25
Saccade B,1,188,966152679,966219177,66498,531.27,584.74,566.44,643.67,3.57,95.10,0.50,53.71,2490.61,1098.21,1794.41
Fixation B,1,175,966219177,966418792,199615,619.66,596.79,71,54,-1,135.83,112.67
Blink B,1,41,966485443,966585205,99762
Fixation B,1,176,966585205,966685058,99853,821.70,816.17,24,35,-1,128.33,117.00
Saccade B,1,189,966718292,966784942,66650,735.19,801.88,948.87,850.18,11.69,303.57,0.50,175.46,10528.02,872.80,5700.41
Fixation B,1,177,966784942,966851440,66498,977.29,852.70,60,4,-1,126.50,128.00
Saccade B,1,190,966851440,966917938,66498,900.32,813.80,824.58,844.61,6.50,113.41,0.50,97.77,3067.57,1468.18,2267.87
Saccade B,1,191,966951293,967017791,66498,818.91,886.03,1092.61,922.95,16.92,382.69,0.50,254.38,9212.46,6466.49,7839.48
Fixation B,1,178,967017791,967084289,66498,1070.25,931.15,100,4,-1,126.00,128.00
Saccade B,1,192,967084289,967184173,99884,914.72,914.93,984.64,920.27,16.90,212.87,0.50,169.17,10612.24,424.64,5100.94
Saccade B,1,193,967217437,967284057,66620,1061.89,954.37,993.40,924.47,5.70,103.56,0.50,85.55,7389.85,1560.07,4474.96
Saccade B,1,194,967317321,967383819,66498,912.97,890.04,1031.36,858.61,7.26,169.89,0.50,109.19,6251.23,786.94,3519.08
Fixation B,1,179,967383819,967450439,66620,971.30,824.03,41,17,-1,125.50,124.50
Saccade B,1,195,967450439,967583435,132996,898.80,793.86,795.63,926.23,14.83,100.74,0.50,111.49,8689.56,435.82,4236.96
Blink B,1,42,967583435,967783172,199737
Fixation B,1,180,967783172,967849670,66498,769.04,859.38,4,0,-1,134.00,122.00
Saccade B,1,196,967849670,967916320,66650,743.81,770.06,748.27,869.42,8.86,137.82,0.50,132.89,7948.03,3808.01,5878.02
Fixation B,1,181,967916320,968016052,99732,713.04,751.36,15,40,-1,133.00,123.33
Blink B,1,43,968016052,968315551,299499
Fixation B,1,182,968315551,968382080,66529,644.57,711.80,19,144,-1,134.50,116.50
Saccade B,1,197,968382080,968448669,66589,660.62,630.91,551.01,589.65,6.65,161.85,0.50,99.87,5991.32,5782.50,5886.91
Saccade B,1,198,968481933,968548431,66498,466.06,755.04,517.36,560.39,18.03,279.19,0.50,271.06,16309.84,8528.56,12419.20
Fixation B,1,183,968548431,968814666,266235,557.01,606.51,81,74,-1,140.13,122.63
Saccade B,1,199,968814666,968881164,66498,612.56,649.73,542.26,627.49,4.10,102.17,0.50,61.62,3685.42,388.80,2037.11
Fixation B,1,184,968881164,969047576,166412,548.91,659.80,53,66,-1,143.80,124.80
Saccade B,1,200,969047576,969147430,99854,580.35,719.36,481.52,662.83,9.82,159.62,0.50,98.33,6421.66,438.07,3607.73
Fixation B,1,185,969147430,969213928,66498,448.71,685.13,16,26,-1,136.00,117.00
Saccade B,1,201,969213928,969380310,166382,534.56,664.33,361.33,495.67,21.21,169.47,0.50,127.49,7076.19,2148.94,4321.82
Fixation B,1,186,969380310,969480194,99884,390.53,476.58,57,49,-1,122.67,104.67
Saccade B,1,202,969480194,969546691,66497,496.63,514.70,620.11,494.51,10.53,173.54,0.50,158.34,5000.27,4153.84,4577.06
Fixation B,1,187,969546691,969812927,266236,871.52,567.13,293,127,-1,129.75,110.13
Saccade B,1,203,969846160,969946044,99884,1050.97,665.05,442.69,681.53,29.42,426.22,0.50,294.49,13592.31,208.30,4716.31
Saccade B,1,204,969979339,970178924,199585,522.59,684.56,465.37,619.08,30.69,126.97,0.50,153.79,12115.25,701.00,5863.35
Saccade B,1,205,970212310,970312042,99732,520.85,608.07,339.46,626.70,12.00,267.26,0.50,120.29,10377.32,665.44,6508.98
Fixation B,1,188,970312042,970744689,432647,447.18,622.76,138,12,-1,120.77,113.15
Saccade B,1,206,970744689,970811187,66498,518.07,625.13,507.97,630.79,0.70,16.06,0.50,10.52,414.65,380.79,397.72
Fixation B,1,189,970811187,971110687,299500,502.60,636.15,6,24,-1,124.44,113.89
Saccade B,1,207,971110687,971177307,66620,503.37,641.40,495.07,640.63,0.71,11.55,0.50,10.59,503.51,283.59,393.55
Fixation B,1,190,971177307,971376922,199615,483.21,629.60,19,14,-1,123.67,113.83
Saccade B,1,208,971376922,971443450,66528,543.81,640.54,639.20,631.70,7.65,132.75,0.50,114.99,2937.78,1527.13,2232.45
Fixation B,1,191,971443450,971510070,66620,635.94,624.97,5,0,-1,131.00,110.00
Saccade B,1,209,971510070,971576568,66498,626.16,623.46,784.69,594.68,7.75,223.47,0.50,116.52,6994.94,45.58,3520.26
Fixation B,1,192,971576568,971676422,99854,903.93,558.55,18,3,-1,116.00,104.67
Blink B,1,44,971676422,971975799,299377
Saccade B,1,210,972009185,972075683,66498,506.63,646.05,412.96,642.12,5.42,129.91,0.50,81.51,2913.64,1079.06,1996.35
Fixation B,1,193,972075683,972175567,99884,417.82,640.29,5,3,-1,120.33,112.67
Saccade B,1,211,972175567,972242095,66528,421.74,640.10,592.02,755.50,9.57,285.29,0.50,143.87,8518.10,161.93,4340.02
Blink B,1,45,972275299,972574798,299499
Fixation B,1,194,972574798,972641326,66528,759.65,877.59,10,92,-1,128.00,118.00
Saccade B,1,212,972641326,972707946,66620,745.90,748.89,670.10,647.05,9.75,175.43,0.50,146.29,2488.84,1278.27,1883.55
Fixation B,1,195,972707946,972774444,66498,646.26,640.39,9,7,-1,134.50,111.00
Saccade B,1,213,972774444,972841064,66620,634.62,639.81,637.12,545.16,4.73,130.84,0.50,70.97,3768.84,484.23,2126.54
Fixation B,1,196,972841064,973107177,266113,616.07,575.27,31,45,-1,135.75,112.38
Blink B,1,46,973107177,973439941,332764
Fixation B,1,197,973439941,973905822,465881,532.25,550.57,69,41,-1,115.79,96.36
Saccade B,1,214,973905822,973972442,66620,537.97,584.91,637.16,799.23,13.30,327.54,0.50,199.63,7708.55,2228.37,4968.46
Fixation B,1,198,974005676,974138946,133270,704.87,961.08,24,23,-1,110.75,86.50
Blink B,1,47,974138946,974804290,665344
Saccade B,1,215,974837554,974904052,66498,644.71,587.94,579.17,556.32,5.51,100.83,0.50,82.82,2361.35,1124.69,1743.02
Fixation B,1,199,974904052,975037200,133148,587.94,590.58,9,44,-1,130.50,108.25
Saccade B,1,216,975037200,975103820,66620,601.44,609.62,550.34,569.18,3.44,90.38,0.50,51.67,2978.57,651.02,1814.79
Fixation B,1,200,975103820,975236816,132996,554.14,570.73,12,12,-1,131.75,107.50
Saccade B,1,217,975236816,975303436,66620,531.48,591.67,369.79,647.30,9.43,236.08,0.50,141.54,5673.85,1708.79,3691.32
Fixation B,1,201,975303436,975403198,99762,390.34,640.73,20,3,-1,119.67,112.33
Saccade B,1,218,975403198,975469818,66620,406.09,649.84,390.03,674.77,1.81,40.94,0.50,27.17,1135.97,265.81,700.89
Saccade B,1,219,975503082,975569702,66620,391.18,678.87,580.93,616.79,9.28,276.91,0.50,139.31,8383.66,213.14,4298.40
Fixation B,1,202,975569702,975702697,132995,698.13,576.87,20,2,-1,122.25,100.50
Saccade B,1,220,975702697,975769317,66620,679.12,580.63,634.60,581.63,2.41,61.76,0.50,36.24,1585.21,234.75,909.98
Fixation B,1,203,975769317,975902435,133118,589.25,584.91,21,4,-1,124.00,101.25
Saccade B,1,221,975902435,975968933,66498,708.54,606.12,869.57,627.55,13.58,225.11,0.50,204.19,5862.55,1285.38,3573.97
Fixation B,1,204,975968933,976235198,266265,819.39,635.03,59,11,-1,112.88,100.50
Blink B,1,48,976235198,976567932,332734
Fixation B,1,205,976567932,976767578,199646,642.76,581.09,15,19,-1,124.67,102.67
Saccade B,1,222,976767578,976834106,66528,664.28,588.69,797.76,660.50,7.64,210.23,0.50,114.90,5787.18,457.11,3122.15
Fixation B,1,206,976834106,977000457,166351,800.10,643.66,13,28,-1,119.20,110.20
Saccade B,1,223,977200195,977266693,66498,-735.81,767.84,-85442.39,211189.13,10610.94,314611.79,0.50,159567.81,9353628.67,232176.86,4792902.77
Saccade B,1,224,977333190,977399810,66620,647.50,863.27,-1186.14,-1056.75,125.19,3665.38,0.50,1879.21,1056362.27,110835.32,583598.80
Saccade B,1,225,977599456,977732574,133118,-65.71,152.08,1088.22,1912.57,201.16,3948.60,0.50,1511.13,182881.33,20831.98,97438.52
Fixation B,1,207,977898956,978364959,466003,619.90,446.30,83,238,-1,129.21,94.00
Saccade B,1,226,978364959,978431335,66376,640.80,560.19,666.08,573.50,1.96,39.77,0.50,29.60,643.55,420.87,532.21
Fixation B,1,208,978431335,978564453,133118,675.76,590.80,14,21,-1,127.50,110.25
Saccade B,1,227,978564453,978664337,99884,687.56,607.73,678.89,623.31,1.41,19.77,0.50,14.17,672.25,40.28,449.15
Fixation B,1,209,978664337,979296447,632110,706.78,646.46,45,21,-1,125.47,111.47
Saccade B,1,228,979296447,979363067,66620,723.55,656.10,724.59,665.01,0.58,12.38,0.50,8.70,222.84,57.47,140.16
Fixation B,1,210,979363067,979429595,66528,716.52,677.22,7,11,-1,119.50,104.00
Saccade B,1,229,979429595,979529449,99854,709.19,694.19,761.99,1108.07,20.08,478.32,0.50,201.07,11544.56,161.89,4886.97
Fixation B,1,211,980394561,980527679,133118,559.30,432.84,27,32,-1,121.50,92.50
Saccade B,1,230,980527679,980627593,99914,596.54,463.79,632.37,435.56,4.00,63.85,0.50,39.99,2136.69,584.54,1612.27
Fixation B,1,212,980627593,981093322,465729,666.00,488.26,50,65,-1,129.14,99.64
Saccade B,1,231,981093322,981159942,66620,687.79,516.91,698.95,526.28,0.92,20.12,0.50,13.85,619.95,327.64,473.80
Fixation B,1,213,981159942,981625854,465912,699.47,537.67,5,13,-1,127.07,102.14
Saccade B,1,232,981625854,981692321,66467,700.81,543.37,699.17,551.10,0.46,10.96,0.50,6.87,409.14,149.87,279.51
Fixation B,1,214,981692321,981958587,266266,707.75,573.24,16,27,-1,123.00,103.13
Saccade B,1,233,981958587,982025085,66498,718.95,585.02,727.47,586.38,0.56,11.96,0.50,8.35,217.23,125.05,171.14
Saccade B,1,234,982058319,982124969,66650,745.07,590.74,524.72,606.30,10.61,304.71,0.50,159.15,9508.73,63.43,4786.08
Blink B,1,49,982158203,982690582,532379
Saccade B,1,235,982790435,982856964,66529,637.82,746.04,866.57,895.21,24.83,378.42,0.50,373.29,11215.22,2078.52,6646.87
Fixation B,1,215,982856964,982923583,66619,1037.43,997.67,24,2,-1,114.00,119.00
Blink B,1,50,982923583,983522460,598877
Fixation B,1,216,983522460,983589080,66620,725.95,580.15,1,11,-1,131.50,109.00
Saccade B,1,236,983589080,983655548,66468,725.14,594.71,516.45,522.50,10.59,306.00,0.50,159.28,9276.40,134.48,4705.44
Fixation B,1,217,983655548,983788696,133148,507.04,531.77,52,26,-1,129.00,105.75
Saccade B,1,237,983788696,983855194,66498,502.75,518.29,439.19,482.08,5.22,101.36,0.50,78.46,2411.29,1460.73,1936.01
Fixation B,1,218,983855194,983921844,66650,461.73,493.12,24,8,-1,118.50,100.50
Blink B,1,51,983921844,984254577,332733
Fixation B,1,219,984287841,984454223,166382,554.47,532.89,11,16,-1,124.40,100.00
Saccade B,1,238,984454223,984520721,66498,564.76,544.15,574.26,544.12,0.62,13.18,0.50,9.40,340.15,183.55,261.85
Blink B,1,52,984520721,984886871,366150
Fixation B,1,220,984886871,985885101,998230,604.05,549.89,50,20,-1,120.20,96.30
Saccade B,1,239,985885101,985951599,66498,639.26,554.27,726.71,570.77,6.93,123.43,0.50,104.24,2585.01,1156.80,1870.90
Blink B,1,53,985984832,986350952,366120
Saccade B,1,240,986384216,986450744,66528,819.73,779.36,614.22,644.39,14.59,341.02,0.50,219.24,7426.04,3004.90,5215.47
Fixation B,1,221,986450744,986617095,166351,560.69,611.26,13,3,-1,123.80,104.80
Saccade B,1,241,986617095,986683715,66620,554.22,601.89,503.48,570.92,3.48,82.07,0.50,52.31,1784.31,918.24,1351.28
Fixation B,1,222,986683715,986783447,99732,507.47,574.35,8,2,-1,119.67,103.67
Saccade B,1,242,986783447,986850097,66650,510.29,576.00,518.76,547.00,1.42,41.71,0.50,21.31,1268.90,130.68,699.79
Fixation B,1,223,986850097,986949920,99823,520.18,544.63,1,1,-1,121.67,102.00
Saccade B,1,243,986949920,987049682,99762,514.14,546.18,506.47,549.51,0.65,9.25,0.50,6.47,213.30,167.01,196.56
Fixation B,1,224,987049682,987216094,166412,506.00,552.44,15,6,-1,120.20,102.80
Blink B,1,54,987216094,987515594,299500
Fixation B,1,225,987515594,987615356,99762,330.86,615.36,21,1,-1,109.00,110.67
Saccade B,1,244,987615356,987715209,99853,341.02,618.00,320.34,632.55,1.43,35.03,0.50,14.27,1060.09,244.28,782.43
Fixation B,1,226,987715209,987848907,133698,340.22,622.82,3,2,-1,110.50,110.50
Saccade B,1,245,987848907,987914886,65979,528.11,624.37,840.35,626.87,22.94,439.54,0.50,347.73,7620.97,5607.55,6614.26
Fixation B,1,227,987914886,987981506,66620,799.01,624.35,48,8,-1,116.50,108.50
Saccade B,1,246,987981506,988181182,199676,709.50,610.26,1204.11,944.61,108.29,487.59,0.50,542.33,79816.11,686.38,26150.96
Fixation B,1,228,988181182,988281005,99823,1109.30,934.96,177,17,-1,114.33,121.00
Saccade B,1,247,988281005,988347442,66437,1109.38,1089.53,1282.86,1265.43,19.52,343.60,0.50,293.74,8860.79,3932.26,6396.52
Saccade B,1,248,988380676,988447387,66711,1540.73,1674.66,435.82,495.16,97.08,2239.54,0.50,1455.20,87212.93,20186.14,53699.53
Fixation B,1,229,988547027,988780303,233276,981.74,1598.37,0,0,-1,6.29,6.14
Saccade B,1,249,988813293,988879791,66498,981.74,1598.37,277.43,1802.02,33.81,1016.86,0.50,508.43,30596.84,0.00,15298.42
Saccade B,1,250,988979644,989046142,66498,3142.87,-4167.92,-63.82,2654.70,627.36,10446.25,0.50,9434.31,565689.96,237890.97,401790.46
Saccade B,1,251,989378906,989445526,66620,-462.22,-960.11,832.47,1684.88,219.93,4080.68,0.50,3301.31,198427.11,107365.87,152896.49
Fixation B,1,230,989445526,989611907,166381,835.90,1892.17,50,11,-1,0.00,0.00
Saccade B,1,252,989611907,989678405,66498,815.66,1891.59,783.92,1869.87,1.77,53.34,0.50,26.67,1605.05,0.00,802.52
Saccade B,1,253,989844848,989911499,66651,1355.03,1622.34,230.73,696.72,67.96,2017.99,0.50,1019.70,60977.90,664.37,30821.13
Saccade B,1,254,989977905,990044403,66498,1367.65,1635.68,794.85,1128.39,70.01,1058.31,0.50,1052.74,63180.07,28276.42,45728.25
Saccade B,1,255,990111175,990177612,66437,1345.66,1625.29,796.61,1127.01,68.25,1029.30,0.50,1027.22,61874.81,61727.18,61801.00
Saccade B,1,256,990210815,990277435,66620,794.32,1128.96,1359.77,1633.99,69.20,1047.66,0.50,1038.76,62283.08,61988.38,62135.73
Saccade B,1,257,990310760,990377197,66437,1354.22,1622.25,797.37,1127.14,68.49,1033.45,0.50,1030.94,62274.67,62041.26,62157.96
Fixation B,1,231,990543701,990809875,266174,580.06,527.28,66,7,-1,134.75,108.25
Saccade B,1,258,990809875,990876342,66467,629.25,542.43,645.14,557.66,1.99,30.53,0.50,29.88,581.80,149.94,365.87
Fixation B,1,232,990876342,991342224,465882,678.22,555.73,46,5,-1,132.14,107.57
Saccade B,1,259,991342224,991408874,66650,695.97,557.36,703.81,564.09,0.54,14.28,0.50,8.17,375.93,50.94,213.43
Fixation B,1,233,991408874,991641693,232819,714.54,571.56,14,7,-1,130.86,109.71
