1
0.9776
0.9694
0.9552
0.937
0.9125
0.8843
0.8494
0.8092
0.763
0.7102
0.6522
0.5896
0.5236
0.4568
0.3906
0.3263
0.2665
0.2115
0.1599
0.1133
0.0717
0.037
0.0122
0
0.0047
0.023
0.0516
0.0882
0.1305
0.174
0.2148
0.2525
0.2866
0.3184
0.3486
0.379
0.4087
0.4379
0.4656
0.4924
0.5203
0.5465
0.571
0.5951
0.6174
0.6383
0.6586
0.6777
0.6946
0.7097
0.7246
0.7416
0.7577
0.7715
0.783
0.794
0.8045
0.8151
0.8267
0.837
0.8473
0.8563
0.8645
0.8719
0.8786
0.8855
0.893
0.8995
0.9073
0.9131
0.9183
0.9237
0.9283
0.9331
0.9364
0.9398
0.9436
0.9479
0.9531
0.9575
0.961
0.9652
0.9692
0.972
